,Clusters,RTs,Total_tweets,CumRT
0,2,47,100,47
1,3,66,200,113
2,2,61,300,174
3,2,60,400,234
4,3,61,500,295
5,2,63,600,358
6,4,60,700,418
7,3,52,800,470
8,2,56,900,526
9,3,39,1000,565
10,3,56,1100,621
11,2,57,1200,678
12,2,59,1300,737
13,2,60,1400,797
14,2,56,1500,853
15,4,68,1600,921
16,7,61,1700,982
17,4,53,1800,1035
18,5,60,1900,1095
19,2,66,2000,1161
20,5,49,2100,1210
21,2,51,2200,1261
22,2,55,2300,1316
23,2,52,2400,1368
24,7,44,2500,1412
25,6,47,2600,1459
26,3,47,2700,1506
27,5,55,2800,1561
28,5,41,2900,1602
29,4,47,3000,1649
30,2,51,3100,1700
31,3,47,3200,1747
32,2,46,3300,1793
33,4,41,3400,1834
34,2,42,3500,1876
35,2,47,3600,1923
36,3,45,3700,1968
37,2,43,3800,2011
38,5,44,3900,2055
39,2,45,4000,2100
40,5,46,4100,2146
41,2,48,4200,2194
42,3,41,4300,2235
43,2,45,4400,2280
44,2,40,4500,2320
45,3,48,4600,2368
46,3,50,4700,2418
47,2,51,4800,2469
48,4,46,4900,2515
49,3,49,5000,2564
50,3,53,5100,2617
51,2,55,5200,2672
52,2,47,5300,2719
53,2,51,5400,2770
54,4,44,5500,2814
55,2,47,5600,2861
56,2,46,5700,2907
57,2,59,5800,2966
58,2,53,5900,3019
59,4,55,6000,3074
60,2,57,6100,3131
61,2,51,6200,3182
62,3,56,6300,3238
63,2,60,6400,3298
64,2,57,6500,3355
65,2,59,6600,3414
66,2,61,6700,3475
67,3,55,6800,3530
68,2,61,6900,3591
69,2,58,7000,3649
70,2,53,7100,3702
71,3,55,7200,3757
72,3,62,7300,3819
73,2,60,7400,3879
74,2,66,7500,3945
75,5,56,7600,4001
76,2,59,7700,4060
77,3,57,7800,4117
78,2,62,7900,4179
79,2,65,8000,4244
80,2,63,8100,4307
81,2,56,8200,4363
82,2,63,8300,4426
83,2,52,8400,4478
84,2,66,8500,4544
85,3,60,8600,4604
86,2,62,8700,4666
87,4,63,8800,4729
88,2,61,8900,4790
89,2,54,9000,4844
90,4,59,9100,4903
91,3,58,9200,4961
92,3,64,9300,5025
93,2,56,9400,5081
94,2,53,9500,5134
95,2,61,9600,5195
96,2,55,9700,5250
97,2,64,9800,5314
98,2,59,9900,5373
99,2,52,10000,5425
100,4,49,10100,5474
101,3,65,10200,5539
102,4,59,10300,5598
103,2,64,10400,5662
104,2,67,10500,5729
105,3,66,10600,5795
106,2,55,10700,5850
107,3,53,10800,5903
108,2,64,10900,5967
109,2,59,11000,6026
110,2,63,11100,6089
111,3,71,11200,6160
112,3,60,11300,6220
113,4,60,11400,6280
114,2,59,11500,6339
115,3,66,11600,6405
116,2,64,11700,6469
117,2,65,11800,6534
118,3,66,11900,6600
119,2,64,12000,6664
120,2,73,12100,6737
121,2,76,12200,6813
122,2,67,12300,6880
123,2,57,12400,6937
124,3,64,12500,7001
125,2,66,12600,7067
126,2,67,12700,7134
127,4,71,12800,7205
128,3,71,12900,7276
129,3,68,13000,7344
130,3,71,13100,7415
131,2,71,13200,7486
132,3,77,13300,7563
133,3,70,13400,7633
134,3,73,13500,7706
135,2,66,13600,7772
136,4,71,13700,7843
137,2,76,13800,7919
138,3,78,13900,7997
139,2,65,14000,8062
140,2,75,14100,8137
141,2,70,14200,8207
142,2,64,14300,8271
143,2,71,14400,8342
144,2,59,14500,8401
145,3,64,14600,8465
146,3,62,14700,8527
147,3,70,14800,8597
148,2,63,14900,8660
149,2,62,15000,8722
150,4,73,15100,8795
151,2,77,15200,8872
152,2,64,15300,8936
153,2,74,15400,9010
154,6,67,15500,9077
155,3,74,15600,9151
156,4,73,15700,9224
157,5,69,15800,9293
158,2,69,15900,9362
159,3,69,16000,9431
160,3,71,16100,9502
161,2,75,16200,9577
162,2,77,16300,9654
163,5,75,16400,9729
164,4,65,16500,9794
165,2,66,16600,9860
166,2,73,16700,9933
167,4,83,16800,10016
168,3,77,16900,10093
169,7,70,17000,10163
170,3,66,17100,10229
171,5,75,17200,10304
172,3,78,17300,10382
173,2,70,17400,10452
174,2,79,17500,10531
175,3,73,17600,10604
176,3,75,17700,10679
177,3,82,17800,10761
178,3,72,17900,10833
179,3,71,18000,10904
180,2,72,18100,10976
181,4,64,18200,11040
182,3,74,18300,11114
183,2,76,18400,11190
184,2,78,18500,11268
185,2,78,18600,11346
186,2,82,18700,11428
187,5,83,18800,11511
188,4,82,18900,11593
189,3,77,19000,11670
190,2,82,19100,11752
191,2,77,19200,11829
192,2,84,19300,11913
193,3,81,19400,11994
194,3,69,19500,12063
195,3,76,19600,12139
196,2,74,19700,12213
197,2,77,19800,12290
198,2,85,19900,12375
199,3,75,20000,12450
200,2,75,20100,12525
201,4,73,20200,12598
202,2,73,20300,12671
203,2,77,20400,12748
204,2,73,20500,12821
205,2,78,20600,12899
206,3,67,20700,12966
207,2,69,20800,13035
208,2,68,20900,13103
209,2,76,21000,13179
210,2,70,21100,13249
211,2,79,21200,13328
212,2,75,21300,13403
213,2,76,21400,13479
214,2,78,21500,13557
215,2,85,21600,13642
216,2,74,21700,13716
217,3,79,21800,13795
218,4,77,21900,13872
219,2,81,22000,13953
220,2,81,22100,14034
221,3,73,22200,14107
222,3,81,22300,14188
223,4,76,22400,14264
224,3,70,22500,14334
225,3,77,22600,14411
226,2,68,22700,14479
227,2,75,22800,14554
228,2,73,22900,14627
229,3,80,23000,14707
230,3,73,23100,14780
231,2,73,23200,14853
232,3,69,23300,14922
233,2,71,23400,14993
234,2,67,23500,15060
235,3,66,23600,15126
236,2,63,23700,15189
237,2,75,23800,15264
238,3,64,23900,15328
239,2,72,24000,15400
240,2,68,24100,15468
241,2,64,24200,15532
242,2,69,24300,15601
243,2,63,24400,15664
244,4,68,24500,15732
245,5,72,24600,15804
246,2,79,24700,15883
247,2,64,24800,15947
248,2,72,24900,16019
249,2,65,25000,16084
250,2,67,25100,16151
251,2,74,25200,16225
252,2,69,25300,16294
253,3,69,25400,16363
254,2,68,25500,16431
255,2,68,25600,16499
256,3,65,25700,16564
257,3,74,25800,16638
258,4,72,25900,16710
259,3,76,26000,16786
260,3,69,26100,16855
261,4,66,26200,16921
262,4,64,26300,16985
263,2,62,26400,17047
264,4,68,26500,17115
265,2,55,26600,17170
266,3,59,26700,17229
267,2,57,26800,17286
268,2,60,26900,17346
269,2,49,27000,17395
270,5,56,27100,17451
271,2,57,27200,17508
272,4,58,27300,17566
273,5,55,27400,17621
274,2,71,27500,17692
275,2,46,27600,17738
276,2,52,27700,17790
277,4,59,27800,17849
278,3,58,27900,17907
279,6,61,28000,17968
280,2,62,28100,18030
281,4,55,28200,18085
282,4,52,28300,18137
283,5,60,28400,18197
284,8,61,28500,18258
285,7,51,28600,18309
286,5,58,28700,18367
287,4,53,28800,18420
288,4,57,28900,18477
289,4,43,29000,18520
290,2,51,29100,18571
291,2,58,29200,18629
292,3,48,29300,18677
293,2,56,29400,18733
294,3,47,29500,18780
295,2,62,29600,18842
296,2,57,29700,18899
297,2,58,29800,18957
298,2,58,29900,19015
299,2,61,30000,19076
300,2,60,30100,19136
301,2,63,30200,19199
302,2,58,30300,19257
303,2,61,30400,19318
304,2,67,30500,19385
305,2,58,30600,19443
306,4,63,30700,19506
307,2,56,30800,19562
308,2,64,30900,19626
309,3,58,31000,19684
310,3,53,31100,19737
311,3,59,31200,19796
312,2,60,31300,19856
313,2,57,31400,19913
314,2,60,31500,19973
315,2,60,31600,20033
316,2,56,31700,20089
317,2,56,31800,20145
318,2,58,31900,20203
319,2,65,32000,20268
320,2,61,32100,20329
321,2,62,32200,20391
322,6,56,32300,20447
323,2,57,32400,20504
324,3,58,32500,20562
325,3,56,32600,20618
326,3,51,32700,20669
327,3,58,32800,20727
328,2,64,32900,20791
329,3,49,33000,20840
330,2,59,33100,20899
331,3,57,33200,20956
332,4,52,33300,21008
333,3,56,33400,21064
334,6,49,33500,21113
335,9,50,33600,21163
336,2,63,33700,21226
337,3,62,33800,21288
338,2,58,33900,21346
339,6,53,34000,21399
340,2,67,34100,21466
341,6,58,34200,21524
342,4,62,34300,21586
343,2,57,34400,21643
344,2,51,34500,21694
345,3,62,34600,21756
346,4,60,34700,21816
347,2,60,34800,21876
348,2,56,34900,21932
349,8,59,35000,21991
350,3,45,35100,22036
351,4,59,35200,22095
352,2,57,35300,22152
353,3,53,35400,22205
354,2,50,35500,22255
355,3,61,35600,22316
356,6,56,35700,22372
357,2,60,35800,22432
358,3,56,35900,22488
359,6,66,36000,22554
360,3,53,36100,22607
361,2,52,36200,22659
362,2,55,36300,22714
363,6,57,36400,22771
364,3,53,36500,22824
365,2,56,36600,22880
366,7,50,36700,22930
367,5,57,36800,22987
368,3,53,36900,23040
369,3,59,37000,23099
370,3,56,37100,23155
371,2,60,37200,23215
372,2,57,37300,23272
373,3,60,37400,23332
374,2,65,37500,23397
375,4,59,37600,23456
376,4,60,37700,23516
377,3,56,37800,23572
378,3,67,37900,23639
379,2,63,38000,23702
380,3,60,38100,23762
381,2,51,38200,23813
382,2,63,38300,23876
383,2,58,38400,23934
384,2,62,38500,23996
385,3,65,38600,24061
386,2,67,38700,24128
387,2,76,38800,24204
388,2,56,38900,24260
389,3,65,39000,24325
390,2,61,39100,24386
391,2,61,39200,24447
392,3,61,39300,24508
393,2,69,39400,24577
394,2,68,39500,24645
395,2,63,39600,24708
396,2,61,39700,24769
397,2,56,39800,24825
398,2,67,39900,24892
399,2,64,40000,24956
400,2,69,40100,25025
401,2,64,40200,25089
402,2,51,40300,25140
403,2,67,40400,25207
404,3,56,40500,25263
405,5,61,40600,25324
406,2,57,40700,25381
407,2,68,40800,25449
408,3,52,40900,25501
409,5,60,41000,25561
410,4,65,41100,25626
411,2,55,41200,25681
412,2,57,41300,25738
413,3,59,41400,25797
414,2,45,41500,25842
415,2,61,41600,25903
416,2,57,41700,25960
417,3,55,41800,26015
418,3,64,41900,26079
419,4,64,42000,26143
420,3,61,42100,26204
421,3,56,42200,26260
422,3,65,42300,26325
423,5,58,42400,26383
424,2,63,42500,26446
425,4,61,42600,26507
426,2,61,42700,26568
427,2,65,42800,26633
428,5,54,42900,26687
429,3,67,43000,26754
430,3,51,43100,26805
431,2,63,43200,26868
432,3,51,43300,26919
433,5,59,43400,26978
434,2,49,43500,27027
435,4,49,43600,27076
436,2,55,43700,27131
437,5,64,43800,27195
438,2,52,43900,27247
439,3,53,44000,27300
440,2,64,44100,27364
441,2,49,44200,27413
442,5,55,44300,27468
443,3,69,44400,27537
444,2,64,44500,27601
445,2,61,44600,27662
446,5,57,44700,27719
447,3,58,44800,27777
448,2,57,44900,27834
449,2,64,45000,27898
450,3,65,45100,27963
451,4,55,45200,28018
452,4,60,45300,28078
453,2,57,45400,28135
454,3,57,45500,28192
455,2,63,45600,28255
456,3,71,45700,28326
457,4,61,45800,28387
458,2,52,45900,28439
459,2,66,46000,28505
460,3,56,46100,28561
461,2,65,46200,28626
462,3,65,46300,28691
463,3,67,46400,28758
464,2,63,46500,28821
465,2,64,46600,28885
466,2,62,46700,28947
467,4,72,46800,29019
468,2,66,46900,29085
469,4,64,47000,29149
470,2,73,47100,29222
471,2,69,47200,29291
472,5,64,47300,29355
473,4,71,47400,29426
474,4,70,47500,29496
475,2,67,47600,29563
476,2,56,47700,29619
477,4,75,47800,29694
478,2,69,47900,29763
479,3,70,48000,29833
480,2,73,48100,29906
481,3,66,48200,29972
482,3,78,48300,30050
483,2,72,48400,30122
484,2,75,48500,30197
485,2,66,48600,30263
486,2,71,48700,30334
487,2,69,48800,30403
488,3,75,48900,30478
489,2,71,49000,30549
490,4,72,49100,30621
491,3,58,49200,30679
492,2,59,49300,30738
493,3,64,49400,30802
494,2,69,49500,30871
495,2,72,49600,30943
496,2,74,49700,31017
497,2,69,49800,31086
498,2,77,49900,31163
499,3,61,50000,31224
500,2,69,50100,31293
501,2,68,50200,31361
502,2,68,50300,31429
503,2,77,50400,31506
504,4,75,50500,31581
505,2,76,50600,31657
506,5,63,50700,31720
507,3,75,50800,31795
508,3,75,50900,31870
509,2,71,51000,31941
510,2,71,51100,32012
511,5,70,51200,32082
512,3,73,51300,32155
513,2,74,51400,32229
514,2,77,51500,32306
515,4,81,51600,32387
516,2,78,51700,32465
517,2,74,51800,32539
518,2,63,51900,32602
519,2,70,52000,32672
520,2,73,52100,32745
521,2,73,52200,32818
522,2,70,52300,32888
523,2,75,52400,32963
524,2,73,52500,33036
525,4,74,52600,33110
526,2,66,52700,33176
527,2,77,52800,33253
528,2,68,52900,33321
529,3,74,53000,33395
530,2,70,53100,33465
531,3,72,53200,33537
532,3,80,53300,33617
533,2,72,53400,33689
534,2,80,53500,33769
535,3,77,53600,33846
536,2,75,53700,33921
537,4,74,53800,33995
538,2,75,53900,34070
539,2,76,54000,34146
540,2,64,54100,34210
541,2,70,54200,34280
542,2,77,54300,34357
543,3,70,54400,34427
544,2,74,54500,34501
545,2,62,54600,34563
546,2,70,54700,34633
547,3,79,54800,34712
548,2,70,54900,34782
549,2,76,55000,34858
550,3,69,55100,34927
551,2,78,55200,35005
552,3,81,55300,35086
553,2,74,55400,35160
554,2,64,55500,35224
555,2,69,55600,35293
556,2,74,55700,35367
557,2,76,55800,35443
558,2,75,55900,35518
559,2,72,56000,35590
560,4,71,56100,35661
561,2,76,56200,35737
562,3,77,56300,35814
563,2,74,56400,35888
564,3,68,56500,35956
565,3,66,56600,36022
566,3,74,56700,36096
567,2,73,56800,36169
568,3,81,56900,36250
569,2,70,57000,36320
570,5,69,57100,36389
571,2,83,57200,36472
572,2,72,57300,36544
573,5,77,57400,36621
574,2,75,57500,36696
575,3,80,57600,36776
576,3,76,57700,36852
577,2,73,57800,36925
578,3,76,57900,37001
579,2,74,58000,37075
580,4,69,58100,37144
581,2,81,58200,37225
582,4,82,58300,37307
583,2,75,58400,37382
584,2,72,58500,37454
585,2,72,58600,37526
586,3,76,58700,37602
587,2,66,58800,37668
588,3,73,58900,37741
589,4,69,59000,37810
590,2,76,59100,37886
591,3,77,59200,37963
592,3,80,59300,38043
593,2,73,59400,38116
594,2,70,59500,38186
595,3,73,59600,38259
596,3,78,59700,38337
597,2,71,59800,38408
598,3,70,59900,38478
599,2,70,60000,38548
600,2,77,60100,38625
601,3,75,60200,38700
602,2,76,60300,38776
603,2,77,60400,38853
604,2,68,60500,38921
605,4,55,60600,38976
606,3,68,60700,39044
607,2,67,60800,39111
608,3,77,60900,39188
609,6,71,61000,39259
610,3,79,61100,39338
611,3,76,61200,39414
612,3,72,61300,39486
613,3,72,61400,39558
614,2,77,61500,39635
615,2,73,61600,39708
616,5,65,61700,39773
617,6,76,61800,39849
618,2,77,61900,39926
619,3,76,62000,40002
620,2,72,62100,40074
621,2,74,62200,40148
622,4,72,62300,40220
623,2,77,62400,40297
624,2,71,62500,40368
625,2,74,62600,40442
626,6,70,62700,40512
627,2,74,62800,40586
628,4,70,62900,40656
629,2,66,63000,40722
630,4,68,63100,40790
631,3,68,63200,40858
632,3,64,63300,40922
633,3,78,63400,41000
634,3,70,63500,41070
635,3,66,63600,41136
636,2,71,63700,41207
637,3,65,63800,41272
638,6,66,63900,41338
639,4,72,64000,41410
640,4,72,64100,41482
641,3,69,64200,41551
642,2,69,64300,41620
643,3,76,64400,41696
644,2,64,64500,41760
645,4,75,64600,41835
646,2,72,64700,41907
647,2,65,64800,41972
648,2,65,64900,42037
649,2,70,65000,42107
650,2,63,65100,42170
651,2,65,65200,42235
652,2,58,65300,42293
653,3,68,65400,42361
654,4,59,65500,42420
655,2,63,65600,42483
656,4,60,65700,42543
657,3,66,65800,42609
658,3,60,65900,42669
659,4,59,66000,42728
660,2,62,66100,42790
661,2,66,66200,42856
662,4,62,66300,42918
663,4,63,66400,42981
664,3,63,66500,43044
665,2,65,66600,43109
666,2,57,66700,43166
667,3,60,66800,43226
668,3,60,66900,43286
669,2,67,67000,43353
670,3,73,67100,43426
671,2,64,67200,43490
672,4,71,67300,43561
673,4,69,67400,43630
674,2,71,67500,43701
675,2,58,67600,43759
676,5,71,67700,43830
677,2,62,67800,43892
678,3,75,67900,43967
679,3,67,68000,44034
680,3,68,68100,44102
681,2,72,68200,44174
682,3,74,68300,44248
683,3,75,68400,44323
684,2,68,68500,44391
685,2,70,68600,44461
686,4,66,68700,44527
687,2,66,68800,44593
688,2,67,68900,44660
689,3,75,69000,44735
690,3,74,69100,44809
691,2,61,69200,44870
692,2,74,69300,44944
693,3,68,69400,45012
694,2,68,69500,45080
695,3,59,69600,45139
696,3,65,69700,45204
697,2,62,69800,45266
698,2,55,69900,45321
699,2,67,70000,45388
700,7,66,70100,45454
701,5,51,70200,45505
702,3,58,70300,45563
703,4,57,70400,45620
704,4,56,70500,45676
705,5,58,70600,45734
706,4,58,70700,45792
707,2,61,70800,45853
708,5,69,70900,45922
709,4,71,71000,45993
710,2,65,71100,46058
711,4,59,71200,46117
712,3,74,71300,46191
713,4,67,71400,46258
714,5,59,71500,46317
715,2,56,71600,46373
716,5,50,71700,46423
717,4,65,71800,46488
718,3,60,71900,46548
719,3,64,72000,46612
720,5,67,72100,46679
721,3,61,72200,46740
722,5,60,72300,46800
723,4,62,72400,46862
724,2,65,72500,46927
725,3,68,72600,46995
726,3,67,72700,47062
727,2,64,72800,47126
728,2,57,72900,47183
729,6,54,73000,47237
730,3,57,73100,47294
731,2,58,73200,47352
732,2,69,73300,47421
733,2,63,73400,47484
734,7,58,73500,47542
735,2,53,73600,47595
736,3,67,73700,47662
737,3,58,73800,47720
738,3,71,73900,47791
739,3,56,74000,47847
740,2,63,74100,47910
741,3,69,74200,47979
742,4,66,74300,48045
743,4,60,74400,48105
744,3,58,74500,48163
745,3,68,74600,48231
746,2,60,74700,48291
747,6,57,74800,48348
748,2,63,74900,48411
749,2,63,75000,48474
750,2,52,75100,48526
751,4,52,75200,48578
752,5,65,75300,48643
753,2,67,75400,48710
754,2,63,75500,48773
755,7,69,75600,48842
756,2,68,75700,48910
757,2,68,75800,48978
758,4,70,75900,49048
759,2,61,76000,49109
760,5,59,76100,49168
761,3,72,76200,49240
762,2,69,76300,49309
763,2,64,76400,49373
764,3,67,76500,49440
765,2,67,76600,49507
766,2,63,76700,49570
767,4,65,76800,49635
768,2,75,76900,49710
769,4,67,77000,49777
770,4,65,77100,49842
771,2,60,77200,49902
772,3,57,77300,49959
773,4,62,77400,50021
774,2,63,77500,50084
775,2,68,77600,50152
776,4,79,77700,50231
777,2,55,77800,50286
778,7,66,77900,50352
779,6,69,78000,50421
780,5,72,78100,50493
781,3,54,78200,50547
782,2,58,78300,50605
783,5,57,78400,50662
784,3,67,78500,50729
785,5,69,78600,50798
786,2,66,78700,50864
787,5,65,78800,50929
788,3,66,78900,50995
789,4,66,79000,51061
790,5,60,79100,51121
791,2,61,79200,51182
792,2,55,79300,51237
793,3,60,79400,51297
794,2,58,79500,51355
795,3,60,79600,51415
796,3,59,79700,51474
797,2,64,79800,51538
798,5,64,79900,51602
799,2,74,80000,51676
800,2,62,80100,51738
801,2,69,80200,51807
802,5,61,80300,51868
803,2,69,80400,51937
804,4,65,80500,52002
805,2,70,80600,52072
806,2,62,80700,52134
807,2,62,80800,52196
808,2,72,80900,52268
809,3,66,81000,52334
810,2,68,81100,52402
811,4,62,81200,52464
812,3,64,81300,52528
813,2,67,81400,52595
814,3,64,81500,52659
815,3,67,81600,52726
816,2,57,81700,52783
817,2,63,81800,52846
818,3,56,81900,52902
819,3,58,82000,52960
820,2,72,82100,53032
821,2,65,82200,53097
822,2,64,82300,53161
823,3,61,82400,53222
824,4,55,82500,53277
825,3,61,82600,53338
826,2,66,82700,53404
827,2,63,82800,53467
828,2,53,82900,53520
829,4,63,83000,53583
830,2,69,83100,53652
831,2,66,83200,53718
832,3,66,83300,53784
833,6,59,83400,53843
834,2,53,83500,53896
835,6,65,83600,53961
836,5,67,83700,54028
837,2,60,83800,54088
838,4,55,83900,54143
839,2,70,84000,54213
840,3,57,84100,54270
841,4,58,84200,54328
842,2,63,84300,54391
843,3,67,84400,54458
844,2,50,84500,54508
845,3,60,84600,54568
846,4,54,84700,54622
847,4,57,84800,54679
848,2,53,84900,54732
849,2,62,85000,54794
850,3,65,85100,54859
851,3,70,85200,54929
852,2,69,85300,54998
853,2,55,85400,55053
854,4,64,85500,55117
855,3,69,85600,55186
856,2,66,85700,55252
857,2,60,85800,55312
858,2,64,85900,55376
859,4,64,86000,55440
860,3,70,86100,55510
861,2,65,86200,55575
862,2,68,86300,55643
863,4,71,86400,55714
864,4,73,86500,55787
865,3,72,86600,55859
866,4,47,86700,55906
867,3,59,86800,55965
868,3,70,86900,56035
869,3,71,87000,56106
870,3,55,87100,56161
871,3,73,87200,56234
872,3,61,87300,56295
873,2,65,87400,56360
874,3,72,87500,56432
875,2,64,87600,56496
876,2,67,87700,56563
877,3,66,87800,56629
878,2,68,87900,56697
879,4,67,88000,56764
880,5,65,88100,56829
881,3,67,88200,56896
882,2,66,88300,56962
883,2,77,88400,57039
884,2,71,88500,57110
885,4,78,88600,57188
886,3,65,88700,57253
887,2,66,88800,57319
888,2,75,88900,57394
889,2,71,89000,57465
890,2,64,89100,57529
891,2,68,89200,57597
892,2,65,89300,57662
893,2,63,89400,57725
894,2,61,89500,57786
895,2,69,89600,57855
896,2,68,89700,57923
897,2,67,89800,57990
898,2,63,89900,58053
899,2,70,90000,58123
900,2,74,90100,58197
901,2,68,90200,58265
902,3,66,90300,58331
903,2,66,90400,58397
904,2,69,90500,58466
905,2,83,90600,58549
906,2,65,90700,58614
907,3,71,90800,58685
908,2,67,90900,58752
909,3,76,91000,58828
910,2,74,91100,58902
911,2,72,91200,58974
912,3,67,91300,59041
913,2,68,91400,59109
914,2,79,91500,59188
915,4,71,91600,59259
916,3,72,91700,59331
917,2,64,91800,59395
918,2,69,91900,59464
919,2,74,92000,59538
920,4,72,92100,59610
921,2,72,92200,59682
922,2,75,92300,59757
923,3,77,92400,59834
924,2,68,92500,59902
925,2,72,92600,59974
926,2,68,92700,60042
927,2,73,92800,60115
928,2,67,92900,60182
929,2,68,93000,60250
930,2,76,93100,60326
931,2,81,93200,60407
932,3,74,93300,60481
933,2,67,93400,60548
934,2,74,93500,60622
935,3,74,93600,60696
936,3,73,93700,60769
937,2,74,93800,60843
938,2,69,93900,60912
939,2,73,94000,60985
940,2,76,94100,61061
941,3,74,94200,61135
942,2,73,94300,61208
943,2,77,94400,61285
944,3,73,94500,61358
945,3,79,94600,61437
946,3,73,94700,61510
947,3,81,94800,61591
948,6,72,94900,61663
949,3,70,95000,61733
950,2,71,95100,61804
951,4,76,95200,61880
952,3,75,95300,61955
953,3,64,95400,62019
954,2,86,95500,62105
955,2,74,95600,62179
956,3,77,95700,62256
957,4,75,95800,62331
958,2,76,95900,62407
959,2,70,96000,62477
960,2,73,96100,62550
961,3,72,96200,62622
962,3,78,96300,62700
963,2,76,96400,62776
964,2,81,96500,62857
965,4,70,96600,62927
966,2,77,96700,63004
967,3,70,96800,63074
968,3,78,96900,63152
969,3,67,97000,63219
970,2,74,97100,63293
971,3,71,97200,63364
972,2,74,97300,63438
973,4,67,97400,63505
974,2,71,97500,63576
975,2,79,97600,63655
976,3,82,97700,63737
977,2,73,97800,63810
978,2,68,97900,63878
979,2,74,98000,63952
980,3,61,98100,64013
981,2,75,98200,64088
982,4,77,98300,64165
983,3,74,98400,64239
984,2,76,98500,64315
985,2,77,98600,64392
986,2,77,98700,64469
987,2,76,98800,64545
988,3,68,98900,64613
989,2,76,99000,64689
990,2,77,99100,64766
991,2,75,99200,64841
992,3,73,99300,64914
993,2,77,99400,64991
994,3,82,99500,65073
995,4,80,99600,65153
996,2,70,99700,65223
997,3,75,99800,65298
998,2,77,99900,65375
999,3,78,100000,65453
1000,2,69,100100,65522
1001,2,78,100200,65600
1002,2,76,100300,65676
1003,3,71,100400,65747
1004,2,68,100500,65815
1005,5,75,100600,65890
1006,2,70,100700,65960
1007,2,73,100800,66033
1008,2,76,100900,66109
1009,2,79,101000,66188
1010,6,78,101100,66266
1011,3,75,101200,66341
1012,2,80,101300,66421
1013,2,75,101400,66496
1014,2,79,101500,66575
1015,2,73,101600,66648
1016,4,79,101700,66727
1017,2,78,101800,66805
1018,2,76,101900,66881
1019,3,78,102000,66959
1020,2,70,102100,67029
1021,2,74,102200,67103
1022,2,75,102300,67178
1023,3,74,102400,67252
1024,4,71,102500,67323
1025,4,73,102600,67396
1026,2,79,102700,67475
1027,3,78,102800,67553
1028,3,79,102900,67632
1029,3,75,103000,67707
1030,2,74,103100,67781
1031,2,67,103200,67848
1032,2,80,103300,67928
1033,2,70,103400,67998
1034,2,70,103500,68068
1035,2,72,103600,68140
1036,2,69,103700,68209
1037,2,53,103800,68262
1038,2,73,103900,68335
1039,2,73,104000,68408
1040,2,67,104100,68475
1041,2,60,104200,68535
1042,3,64,104300,68599
1043,2,49,104400,68648
1044,5,75,104500,68723
1045,4,58,104600,68781
1046,2,59,104700,68840
1047,4,58,104800,68898
1048,2,58,104900,68956
1049,3,61,105000,69017
1050,3,64,105100,69081
1051,2,59,105200,69140
1052,3,62,105300,69202
1053,4,45,105400,69247
1054,2,59,105500,69306
1055,2,54,105600,69360
1056,2,63,105700,69423
1057,2,58,105800,69481
1058,3,62,105900,69543
1059,2,56,106000,69599
1060,5,64,106100,69663
1061,2,62,106200,69725
1062,2,64,106300,69789
1063,2,67,106400,69856
1064,2,60,106500,69916
1065,2,62,106600,69978
1066,2,63,106700,70041
1067,4,66,106800,70107
1068,2,61,106900,70168
1069,2,61,107000,70229
1070,2,56,107100,70285
1071,2,61,107200,70346
1072,3,67,107300,70413
1073,4,53,107400,70466
1074,6,53,107500,70519
1075,5,53,107600,70572
1076,4,55,107700,70627
1077,3,54,107800,70681
1078,3,54,107900,70735
1079,5,61,108000,70796
1080,2,48,108100,70844
1081,2,59,108200,70903
1082,2,54,108300,70957
1083,4,60,108400,71017
1084,2,65,108500,71082
1085,5,56,108600,71138
1086,4,59,108700,71197
1087,3,68,108800,71265
1088,3,58,108900,71323
1089,5,51,109000,71374
1090,2,61,109100,71435
1091,2,44,109200,71479
1092,3,61,109300,71540
1093,5,58,109400,71598
1094,5,58,109500,71656
1095,2,61,109600,71717
1096,2,63,109700,71780
1097,4,55,109800,71835
1098,2,62,109900,71897
1099,2,59,110000,71956
1100,3,54,110100,72010
1101,2,72,110200,72082
1102,2,60,110300,72142
1103,2,66,110400,72208
1104,3,58,110500,72266
1105,2,70,110600,72336
1106,2,54,110700,72390
1107,2,62,110800,72452
1108,2,56,110900,72508
1109,3,68,111000,72576
1110,2,63,111100,72639
1111,2,60,111200,72699
1112,4,69,111300,72768
1113,4,63,111400,72831
1114,3,62,111500,72893
1115,6,64,111600,72957
1116,2,67,111700,73024
1117,3,63,111800,73087
1118,3,72,111900,73159
1119,4,58,112000,73217
1120,2,60,112100,73277
1121,2,62,112200,73339
1122,2,71,112300,73410
1123,2,66,112400,73476
1124,4,59,112500,73535
1125,2,62,112600,73597
1126,4,71,112700,73668
1127,3,59,112800,73727
1128,4,63,112900,73790
1129,2,56,113000,73846
1130,2,62,113100,73908
1131,3,61,113200,73969
1132,4,57,113300,74026
1133,3,71,113400,74097
1134,4,66,113500,74163
1135,2,69,113600,74232
1136,2,65,113700,74297
1137,7,60,113800,74357
1138,6,64,113900,74421
1139,3,59,114000,74480
1140,2,64,114100,74544
1141,4,62,114200,74606
1142,2,73,114300,74679
1143,2,57,114400,74736
1144,2,69,114500,74805
1145,3,65,114600,74870
1146,3,67,114700,74937
1147,2,55,114800,74992
1148,4,59,114900,75051
1149,5,68,115000,75119
1150,5,59,115100,75178
1151,3,75,115200,75253
1152,5,67,115300,75320
1153,2,67,115400,75387
1154,3,60,115500,75447
1155,3,67,115600,75514
1156,2,60,115700,75574
1157,7,71,115800,75645
1158,2,60,115900,75705
1159,4,71,116000,75776
1160,3,65,116100,75841
1161,2,69,116200,75910
1162,3,65,116300,75975
1163,3,60,116400,76035
1164,2,71,116500,76106
1165,2,71,116600,76177
1166,2,63,116700,76240
1167,2,65,116800,76305
1168,4,66,116900,76371
1169,3,72,117000,76443
1170,2,67,117100,76510
1171,4,64,117200,76574
1172,3,75,117300,76649
1173,4,64,117400,76713
1174,3,67,117500,76780
1175,4,73,117600,76853
1176,6,72,117700,76925
1177,5,73,117800,76998
1178,3,62,117900,77060
1179,3,77,118000,77137
1180,2,72,118100,77209
1181,4,69,118200,77278
1182,2,61,118300,77339
1183,3,71,118400,77410
1184,4,64,118500,77474
1185,2,64,118600,77538
1186,2,58,118700,77596
1187,3,50,118800,77646
1188,4,54,118900,77700
1189,3,56,119000,77756
1190,4,51,119100,77807
1191,3,56,119200,77863
1192,4,48,119300,77911
1193,4,54,119400,77965
1194,2,57,119500,78022
1195,5,47,119600,78069
1196,4,58,119700,78127
1197,4,68,119800,78195
1198,3,56,119900,78251
1199,3,61,120000,78312
1200,7,57,120100,78369
1201,3,55,120200,78424
1202,4,65,120300,78489
1203,5,55,120400,78544
1204,7,63,120500,78607
1205,4,53,120600,78660
1206,4,60,120700,78720
1207,2,64,120800,78784
1208,3,59,120900,78843
1209,2,52,121000,78895
1210,5,53,121100,78948
1211,4,57,121200,79005
1212,5,56,121300,79061
1213,2,52,121400,79113
1214,5,65,121500,79178
1215,4,58,121600,79236
1216,3,55,121700,79291
1217,5,58,121800,79349
1218,2,65,121900,79414
1219,3,61,122000,79475
1220,2,75,122100,79550
1221,2,53,122200,79603
1222,2,62,122300,79665
1223,4,67,122400,79732
1224,5,56,122500,79788
1225,4,66,122600,79854
1226,4,62,122700,79916
1227,2,63,122800,79979
1228,3,71,122900,80050
1229,3,70,123000,80120
1230,3,68,123100,80188
1231,3,68,123200,80256
1232,3,69,123300,80325
1233,4,58,123400,80383
1234,2,59,123500,80442
1235,3,65,123600,80507
1236,2,57,123700,80564
1237,3,66,123800,80630
1238,4,55,123900,80685
1239,8,61,124000,80746
1240,2,69,124100,80815
1241,4,63,124200,80878
1242,4,73,124300,80951
1243,2,53,124400,81004
1244,3,67,124500,81071
1245,4,53,124600,81124
1246,2,67,124700,81191
1247,3,62,124800,81253
1248,2,45,124900,81298
1249,5,56,125000,81354
1250,4,58,125100,81412
1251,4,65,125200,81477
1252,2,58,125300,81535
1253,2,53,125400,81588
1254,6,53,125500,81641
1255,5,52,125600,81693
1256,3,52,125700,81745
1257,4,60,125800,81805
1258,3,55,125900,81860
1259,6,52,126000,81912
1260,3,44,126100,81956
1261,2,51,126200,82007
1262,2,49,126300,82056
1263,2,57,126400,82113
1264,8,53,126500,82166
1265,5,58,126600,82224
1266,4,59,126700,82283
1267,3,46,126800,82329
1268,6,50,126900,82379
1269,3,45,127000,82424
1270,4,59,127100,82483
1271,7,58,127200,82541
1272,5,50,127300,82591
1273,5,48,127400,82639
1274,4,54,127500,82693
1275,7,48,127600,82741
1276,6,64,127700,82805
1277,5,51,127800,82856
1278,4,55,127900,82911
1279,4,58,128000,82969
1280,5,52,128100,83021
1281,5,56,128200,83077
1282,6,57,128300,83134
1283,3,63,128400,83197
1284,4,58,128500,83255
1285,3,53,128600,83308
1286,2,54,128700,83362
1287,2,61,128800,83423
1288,8,61,128900,83484
1289,3,69,129000,83553
1290,6,58,129100,83611
1291,5,55,129200,83666
1292,6,60,129300,83726
1293,3,64,129400,83790
1294,6,63,129500,83853
1295,6,65,129600,83918
1296,5,53,129700,83971
1297,6,60,129800,84031
1298,2,58,129900,84089
1299,3,69,130000,84158
1300,4,58,130100,84216
1301,2,66,130200,84282
1302,3,61,130300,84343
1303,2,59,130400,84402
1304,4,64,130500,84466
1305,2,49,130600,84515
1306,5,60,130700,84575
1307,4,62,130800,84637
1308,2,70,130900,84707
1309,3,63,131000,84770
1310,4,60,131100,84830
1311,3,67,131200,84897
1312,2,63,131300,84960
1313,3,71,131400,85031
1314,3,72,131500,85103
1315,2,60,131600,85163
1316,2,65,131700,85228
1317,2,63,131800,85291
1318,2,68,131900,85359
1319,4,74,132000,85433
1320,2,74,132100,85507
1321,2,65,132200,85572
1322,3,67,132300,85639
1323,2,67,132400,85706
1324,2,71,132500,85777
1325,2,70,132600,85847
1326,2,70,132700,85917
1327,3,69,132800,85986
1328,2,68,132900,86054
1329,2,67,133000,86121
1330,2,68,133100,86189
1331,5,72,133200,86261
1332,2,65,133300,86326
1333,4,74,133400,86400
1334,2,72,133500,86472
1335,2,77,133600,86549
1336,5,74,133700,86623
1337,4,66,133800,86689
1338,2,78,133900,86767
1339,3,62,134000,86829
1340,3,69,134100,86898
1341,3,72,134200,86970
1342,3,78,134300,87048
1343,2,81,134400,87129
1344,2,72,134500,87201
1345,4,74,134600,87275
1346,4,76,134700,87351
1347,2,83,134800,87434
1348,4,75,134900,87509
1349,2,80,135000,87589
1350,2,67,135100,87656
1351,2,66,135200,87722
1352,2,81,135300,87803
1353,2,79,135400,87882
1354,3,72,135500,87954
1355,2,74,135600,88028
1356,3,67,135700,88095
1357,2,83,135800,88178
1358,3,70,135900,88248
1359,3,79,136000,88327
1360,3,79,136100,88406
1361,2,75,136200,88481
1362,2,82,136300,88563
1363,3,69,136400,88632
1364,2,68,136500,88700
1365,2,72,136600,88772
1366,2,71,136700,88843
1367,3,74,136800,88917
1368,3,79,136900,88996
1369,2,78,137000,89074
1370,2,72,137100,89146
1371,2,72,137200,89218
1372,3,72,137300,89290
1373,2,71,137400,89361
1374,3,68,137500,89429
1375,2,76,137600,89505
1376,2,75,137700,89580
1377,4,68,137800,89648
1378,2,79,137900,89727
1379,2,80,138000,89807
1380,2,73,138100,89880
1381,3,79,138200,89959
1382,2,76,138300,90035
1383,2,72,138400,90107
1384,3,83,138500,90190
1385,3,83,138600,90273
1386,2,78,138700,90351
1387,2,82,138800,90433
1388,2,74,138900,90507
1389,2,83,139000,90590
1390,2,85,139100,90675
1391,2,76,139200,90751
1392,5,78,139300,90829
1393,2,73,139400,90902
1394,2,72,139500,90974
1395,3,76,139600,91050
1396,4,87,139700,91137
1397,2,74,139800,91211
1398,2,79,139900,91290
1399,3,79,140000,91369
1400,2,73,140100,91442
1401,2,78,140200,91520
1402,3,74,140300,91594
1403,2,76,140400,91670
1404,2,82,140500,91752
1405,2,80,140600,91832
1406,2,86,140700,91918
1407,2,75,140800,91993
1408,2,76,140900,92069
1409,2,85,141000,92154
1410,3,72,141100,92226
1411,2,68,141200,92294
1412,3,73,141300,92367
1413,4,84,141400,92451
1414,4,74,141500,92525
1415,2,80,141600,92605
1416,2,79,141700,92684
1417,2,74,141800,92758
1418,3,75,141900,92833
1419,2,69,142000,92902
1420,3,76,142100,92978
1421,2,79,142200,93057
1422,2,77,142300,93134
1423,2,79,142400,93213
1424,4,74,142500,93287
1425,3,81,142600,93368
1426,3,70,142700,93438
1427,3,74,142800,93512
1428,3,78,142900,93590
1429,3,79,143000,93669
1430,2,82,143100,93751
1431,2,81,143200,93832
1432,2,76,143300,93908
1433,2,74,143400,93982
1434,2,81,143500,94063
1435,2,81,143600,94144
1436,5,78,143700,94222
1437,2,84,143800,94306
1438,2,72,143900,94378
1439,2,74,144000,94452
1440,2,74,144100,94526
1441,2,74,144200,94600
1442,2,79,144300,94679
1443,2,72,144400,94751
1444,2,79,144500,94830
1445,4,79,144600,94909
1446,2,80,144700,94989
1447,2,77,144800,95066
1448,2,76,144900,95142
1449,2,76,145000,95218
1450,2,73,145100,95291
1451,2,70,145200,95361
1452,2,82,145300,95443
1453,2,75,145400,95518
1454,2,72,145500,95590
1455,3,70,145600,95660
1456,2,84,145700,95744
1457,2,75,145800,95819
1458,2,77,145900,95896
1459,2,76,146000,95972
1460,3,72,146100,96044
1461,2,82,146200,96126
1462,2,80,146300,96206
1463,2,77,146400,96283
1464,3,75,146500,96358
1465,2,76,146600,96434
1466,2,80,146700,96514
1467,2,78,146800,96592
1468,2,66,146900,96658
1469,2,74,147000,96732
1470,2,77,147100,96809
1471,2,77,147200,96886
1472,2,80,147300,96966
1473,4,76,147400,97042
1474,3,80,147500,97122
1475,2,79,147600,97201
1476,3,81,147700,97282
1477,2,82,147800,97364
1478,2,78,147900,97442
1479,2,77,148000,97519
1480,2,77,148100,97596
1481,2,89,148200,97685
1482,2,75,148300,97760
1483,2,79,148400,97839
1484,2,80,148500,97919
1485,2,85,148600,98004
1486,2,85,148700,98089
1487,2,73,148800,98162
1488,3,78,148900,98240
1489,2,75,149000,98315
1490,2,72,149100,98387
1491,2,69,149200,98456
1492,2,80,149300,98536
1493,2,81,149400,98617
1494,4,78,149500,98695
1495,2,80,149600,98775
1496,2,83,149700,98858
1497,5,80,149800,98938
1498,2,80,149900,99018
1499,2,87,150000,99105
1500,3,70,150100,99175
1501,3,74,150200,99249
1502,2,78,150300,99327
1503,3,84,150400,99411
1504,3,72,150500,99483
1505,2,76,150600,99559
1506,2,76,150700,99635
1507,2,80,150800,99715
1508,2,74,150900,99789
1509,3,74,151000,99863
1510,3,79,151100,99942
1511,4,81,151200,100023
1512,2,72,151300,100095
1513,2,72,151400,100167
1514,4,79,151500,100246
1515,3,72,151600,100318
1516,2,65,151700,100383
1517,2,70,151800,100453
1518,2,71,151900,100524
1519,2,76,152000,100600
1520,2,71,152100,100671
1521,2,70,152200,100741
1522,3,65,152300,100806
1523,4,57,152400,100863
1524,2,54,152500,100917
1525,3,61,152600,100978
1526,2,54,152700,101032
1527,2,62,152800,101094
1528,4,63,152900,101157
1529,5,62,153000,101219
1530,3,68,153100,101287
1531,3,60,153200,101347
1532,4,58,153300,101405
1533,2,63,153400,101468
1534,3,49,153500,101517
1535,2,60,153600,101577
1536,2,58,153700,101635
1537,2,52,153800,101687
1538,3,48,153900,101735
1539,5,62,154000,101797
1540,2,52,154100,101849
1541,5,75,154200,101924
1542,3,74,154300,101998
1543,2,73,154400,102071
1544,2,75,154500,102146
1545,4,73,154600,102219
1546,3,74,154700,102293
1547,3,74,154800,102367
1548,2,73,154900,102440
1549,3,75,155000,102515
1550,2,80,155100,102595
1551,3,74,155200,102669
1552,3,71,155300,102740
1553,3,73,155400,102813
1554,4,75,155500,102888
1555,2,74,155600,102962
1556,2,73,155700,103035
1557,3,66,155800,103101
1558,3,70,155900,103171
1559,3,73,156000,103244
1560,4,71,156100,103315
1561,2,75,156200,103390
1562,3,81,156300,103471
1563,2,67,156400,103538
1564,3,75,156500,103613
1565,6,72,156600,103685
1566,5,77,156700,103762
1567,3,73,156800,103835
1568,7,74,156900,103909
1569,2,71,157000,103980
1570,3,75,157100,104055
1571,3,82,157200,104137
1572,3,70,157300,104207
1573,3,78,157400,104285
1574,2,81,157500,104366
1575,2,82,157600,104448
1576,2,72,157700,104520
1577,3,79,157800,104599
1578,2,77,157900,104676
1579,3,71,158000,104747
1580,3,80,158100,104827
1581,5,75,158200,104902
1582,3,77,158300,104979
1583,3,73,158400,105052
1584,3,79,158500,105131
1585,2,75,158600,105206
1586,3,68,158700,105274
1587,3,81,158800,105355
1588,2,75,158900,105430
1589,2,77,159000,105507
1590,2,69,159100,105576
1591,2,78,159200,105654
1592,3,82,159300,105736
1593,2,80,159400,105816
1594,4,84,159500,105900
1595,2,72,159600,105972
1596,3,79,159700,106051
1597,5,73,159800,106124
1598,3,78,159900,106202
1599,4,82,160000,106284
1600,2,74,160100,106358
1601,2,84,160200,106442
1602,5,78,160300,106520
1603,4,80,160400,106600
1604,3,74,160500,106674
1605,2,84,160600,106758
1606,2,80,160700,106838
1607,4,88,160800,106926
1608,2,73,160900,106999
1609,2,80,161000,107079
1610,2,76,161100,107155
1611,2,75,161200,107230
1612,2,71,161300,107301
1613,2,76,161400,107377
1614,3,82,161500,107459
1615,2,76,161600,107535
1616,2,76,161700,107611
1617,3,78,161800,107689
1618,2,76,161900,107765
1619,2,78,162000,107843
1620,2,78,162100,107921
1621,2,80,162200,108001
1622,3,82,162300,108083
1623,4,76,162400,108159
1624,2,79,162500,108238
1625,2,81,162600,108319
1626,2,81,162700,108400
1627,3,72,162800,108472
1628,2,80,162900,108552
1629,3,81,163000,108633
1630,3,84,163100,108717
1631,2,72,163200,108789
1632,3,71,163300,108860
1633,2,78,163400,108938
1634,3,78,163500,109016
1635,2,81,163600,109097
1636,3,78,163700,109175
1637,2,75,163800,109250
1638,3,77,163900,109327
1639,2,75,164000,109402
1640,3,82,164100,109484
1641,2,80,164200,109564
1642,2,78,164300,109642
1643,2,80,164400,109722
1644,2,82,164500,109804
1645,2,73,164600,109877
1646,2,79,164700,109956
1647,2,82,164800,110038
1648,4,77,164900,110115
1649,2,75,165000,110190
1650,2,80,165100,110270
1651,3,69,165200,110339
1652,2,74,165300,110413
1653,4,77,165400,110490
1654,2,80,165500,110570
1655,2,77,165600,110647
1656,2,71,165700,110718
1657,2,67,165800,110785
1658,2,76,165900,110861
1659,2,79,166000,110940
1660,3,82,166100,111022
1661,2,79,166200,111101
1662,2,72,166300,111173
1663,2,72,166400,111245
1664,2,70,166500,111315
1665,2,75,166600,111390
1666,2,69,166700,111459
1667,2,79,166800,111538
1668,2,79,166900,111617
1669,3,67,167000,111684
1670,2,75,167100,111759
1671,2,70,167200,111829
1672,2,69,167300,111898
1673,2,77,167400,111975
1674,2,72,167500,112047
1675,3,74,167600,112121
1676,2,58,167700,112179
1677,3,71,167800,112250
1678,2,69,167900,112319
1679,2,61,168000,112380
1680,2,62,168100,112442
1681,4,60,168200,112502
1682,2,58,168300,112560
1683,4,61,168400,112621
1684,5,63,168500,112684
1685,4,62,168600,112746
1686,3,59,168700,112805
1687,3,64,168800,112869
1688,3,60,168900,112929
1689,3,63,169000,112992
1690,4,62,169100,113054
1691,5,51,169200,113105
1692,4,56,169300,113161
1693,3,74,169400,113235
1694,3,76,169500,113311
1695,2,63,169600,113374
1696,2,61,169700,113435
1697,5,71,169800,113506
1698,2,71,169900,113577
1699,3,61,170000,113638
1700,3,64,170100,113702
1701,4,66,170200,113768
1702,2,67,170300,113835
1703,2,71,170400,113906
1704,4,60,170500,113966
1705,2,62,170600,114028
1706,2,61,170700,114089
1707,3,62,170800,114151
1708,2,59,170900,114210
1709,2,73,171000,114283
1710,3,62,171100,114345
1711,2,65,171200,114410
1712,2,53,171300,114463
1713,3,64,171400,114527
1714,2,64,171500,114591
1715,2,62,171600,114653
1716,2,61,171700,114714
1717,3,53,171800,114767
1718,2,50,171900,114817
1719,2,48,172000,114865
1720,5,53,172100,114918
1721,2,45,172200,114963
1722,2,63,172300,115026
1723,2,46,172400,115072
1724,2,42,172500,115114
1725,3,44,172600,115158
1726,2,47,172700,115205
1727,4,48,172800,115253
1728,2,47,172900,115300
1729,2,46,173000,115346
1730,2,49,173100,115395
1731,2,44,173200,115439
1732,2,45,173300,115484
1733,2,58,173400,115542
1734,2,43,173500,115585
1735,3,46,173600,115631
1736,2,45,173700,115676
1737,2,58,173800,115734
1738,2,50,173900,115784
1739,3,46,174000,115830
1740,2,49,174100,115879
1741,2,56,174200,115935
1742,2,53,174300,115988
1743,3,49,174400,116037
1744,5,52,174500,116089
1745,3,47,174600,116136
1746,2,50,174700,116186
1747,4,53,174800,116239
1748,2,46,174900,116285
1749,3,50,175000,116335
1750,2,55,175100,116390
1751,3,49,175200,116439
1752,4,67,175300,116506
1753,3,59,175400,116565
1754,5,53,175500,116618
1755,4,61,175600,116679
1756,3,64,175700,116743
1757,6,49,175800,116792
1758,5,51,175900,116843
1759,2,53,176000,116896
1760,4,61,176100,116957
1761,3,56,176200,117013
1762,3,58,176300,117071
1763,4,67,176400,117138
1764,2,63,176500,117201
1765,2,71,176600,117272
1766,3,58,176700,117330
1767,2,61,176800,117391
1768,2,61,176900,117452
1769,8,57,177000,117509
1770,3,64,177100,117573
1771,3,66,177200,117639
1772,2,63,177300,117702
1773,3,61,177400,117763
1774,2,59,177500,117822
1775,4,56,177600,117878
1776,2,58,177700,117936
1777,2,60,177800,117996
1778,3,54,177900,118050
1779,4,60,178000,118110
1780,2,58,178100,118168
1781,4,65,178200,118233
1782,2,59,178300,118292
1783,3,68,178400,118360
1784,2,77,178500,118437
1785,5,56,178600,118493
1786,2,54,178700,118547
1787,3,64,178800,118611
1788,2,53,178900,118664
1789,2,56,179000,118720
1790,2,55,179100,118775
1791,2,51,179200,118826
1792,2,55,179300,118881
1793,2,58,179400,118939
1794,5,49,179500,118988
1795,3,59,179600,119047
1796,2,55,179700,119102
1797,2,50,179800,119152
1798,2,44,179900,119196
1799,4,48,180000,119244
1800,2,43,180100,119287
1801,2,52,180200,119339
1802,3,49,180300,119388
1803,2,55,180400,119443
1804,2,45,180500,119488
1805,4,39,180600,119527
1806,2,49,180700,119576
1807,2,44,180800,119620
1808,3,33,180900,119653
1809,4,51,181000,119704
1810,2,42,181100,119746
1811,3,42,181200,119788
1812,2,39,181300,119827
1813,2,43,181400,119870
1814,4,39,181500,119909
1815,2,52,181600,119961
1816,2,49,181700,120010
1817,3,49,181800,120059
1818,3,53,181900,120112
1819,4,48,182000,120160
1820,3,53,182100,120213
1821,3,46,182200,120259
1822,5,55,182300,120314
1823,3,49,182400,120363
1824,3,51,182500,120414
1825,2,39,182600,120453
1826,2,60,182700,120513
1827,3,53,182800,120566
1828,2,49,182900,120615
1829,2,49,183000,120664
1830,2,66,183100,120730
1831,2,46,183200,120776
1832,2,50,183300,120826
1833,2,57,183400,120883
1834,3,51,183500,120934
1835,2,61,183600,120995
1836,2,53,183700,121048
1837,2,51,183800,121099
1838,2,59,183900,121158
1839,2,55,184000,121213
1840,3,65,184100,121278
1841,2,57,184200,121335
1842,3,69,184300,121404
1843,3,60,184400,121464
1844,2,57,184500,121521
1845,2,58,184600,121579
1846,4,62,184700,121641
1847,3,54,184800,121695
1848,3,62,184900,121757
1849,2,59,185000,121816
1850,3,65,185100,121881
1851,2,61,185200,121942
1852,3,59,185300,122001
1853,2,68,185400,122069
1854,2,56,185500,122125
1855,3,67,185600,122192
1856,3,62,185700,122254
1857,3,63,185800,122317
1858,3,66,185900,122383
1859,2,66,186000,122449
1860,2,75,186100,122524
1861,2,65,186200,122589
1862,2,67,186300,122656
1863,2,75,186400,122731
1864,2,63,186500,122794
1865,5,74,186600,122868
1866,2,64,186700,122932
1867,3,66,186800,122998
1868,2,72,186900,123070
1869,2,64,187000,123134
1870,2,70,187100,123204
1871,3,68,187200,123272
1872,3,68,187300,123340
1873,3,74,187400,123414
1874,2,70,187500,123484
1875,2,71,187600,123555
1876,2,72,187700,123627
1877,3,65,187800,123692
1878,2,69,187900,123761
1879,3,70,188000,123831
1880,3,68,188100,123899
1881,4,67,188200,123966
1882,3,71,188300,124037
1883,2,74,188400,124111
1884,2,67,188500,124178
1885,2,72,188600,124250
1886,2,66,188700,124316
1887,2,71,188800,124387
1888,2,77,188900,124464
1889,4,67,189000,124531
1890,2,70,189100,124601
1891,2,73,189200,124674
1892,2,79,189300,124753
1893,2,61,189400,124814
1894,3,61,189500,124875
1895,2,68,189600,124943
1896,2,72,189700,125015
1897,3,65,189800,125080
1898,2,76,189900,125156
1899,2,75,190000,125231
1900,2,73,190100,125304
1901,2,72,190200,125376
1902,2,75,190300,125451
1903,2,69,190400,125520
1904,2,77,190500,125597
1905,3,77,190600,125674
1906,2,78,190700,125752
1907,2,74,190800,125826
1908,2,70,190900,125896
1909,2,67,191000,125963
1910,3,79,191100,126042
1911,2,71,191200,126113
1912,3,75,191300,126188
1913,4,73,191400,126261
1914,2,77,191500,126338
1915,3,72,191600,126410
1916,4,76,191700,126486
1917,4,72,191800,126558
1918,3,80,191900,126638
1919,4,72,192000,126710
1920,2,72,192100,126782
1921,2,70,192200,126852
1922,2,81,192300,126933
1923,4,75,192400,127008
1924,3,84,192500,127092
1925,4,75,192600,127167
1926,3,79,192700,127246
1927,2,76,192800,127322
1928,4,81,192900,127403
1929,2,72,193000,127475
1930,2,70,193100,127545
1931,4,74,193200,127619
1932,2,72,193300,127691
1933,4,81,193400,127772
1934,2,75,193500,127847
1935,2,63,193600,127910
1936,2,77,193700,127987
1937,2,73,193800,128060
1938,2,73,193900,128133
1939,2,82,194000,128215
1940,3,72,194100,128287
1941,2,71,194200,128358
1942,2,76,194300,128434
1943,3,80,194400,128514
1944,3,75,194500,128589
1945,2,79,194600,128668
1946,3,77,194700,128745
1947,2,76,194800,128821
1948,2,76,194900,128897
1949,2,74,195000,128971
1950,2,80,195100,129051
1951,2,80,195200,129131
1952,2,76,195300,129207
1953,2,79,195400,129286
1954,2,75,195500,129361
1955,3,81,195600,129442
1956,3,71,195700,129513
1957,4,72,195800,129585
1958,2,84,195900,129669
1959,2,84,196000,129753
1960,4,79,196100,129832
1961,2,77,196200,129909
1962,2,80,196300,129989
1963,2,81,196400,130070
1964,3,77,196500,130147
1965,2,82,196600,130229
1966,2,79,196700,130308
1967,2,77,196800,130385
1968,2,81,196900,130466
1969,2,75,197000,130541
1970,2,80,197100,130621
1971,2,76,197200,130697
1972,3,81,197300,130778
1973,2,69,197400,130847
1974,2,74,197500,130921
1975,2,78,197600,130999
1976,2,81,197700,131080
1977,2,78,197800,131158
1978,2,77,197900,131235
1979,3,83,198000,131318
1980,2,79,198100,131397
1981,2,74,198200,131471
1982,2,76,198300,131547
1983,3,78,198400,131625
1984,2,76,198500,131701
1985,2,77,198600,131778
1986,3,81,198700,131859
1987,2,76,198800,131935
1988,2,85,198900,132020
1989,2,74,199000,132094
1990,2,81,199100,132175
1991,2,82,199200,132257
1992,2,80,199300,132337
1993,4,76,199400,132413
1994,2,77,199500,132490
1995,3,71,199600,132561
1996,2,76,199700,132637
1997,2,79,199800,132716
1998,3,72,199900,132788
1999,2,73,200000,132861
2000,3,76,200100,132937
2001,2,77,200200,133014
2002,3,79,200300,133093
2003,3,83,200400,133176
2004,3,74,200500,133250
2005,3,81,200600,133331
2006,2,81,200700,133412
2007,2,81,200800,133493
2008,2,86,200900,133579
2009,2,78,201000,133657
2010,2,78,201100,133735
2011,3,79,201200,133814
2012,2,76,201300,133890
2013,2,76,201400,133966
2014,4,74,201500,134040
2015,2,79,201600,134119
2016,3,83,201700,134202
2017,2,71,201800,134273
2018,2,77,201900,134350
2019,3,84,202000,134434
2020,2,82,202100,134516
2021,3,81,202200,134597
2022,3,76,202300,134673
2023,6,85,202400,134758
2024,2,92,202500,134850
2025,2,72,202600,134922
2026,3,80,202700,135002
2027,2,77,202800,135079
2028,4,77,202900,135156
2029,5,72,203000,135228
2030,2,76,203100,135304
2031,5,78,203200,135382
2032,2,71,203300,135453
2033,5,75,203400,135528
2034,5,71,203500,135599
2035,4,83,203600,135682
2036,3,75,203700,135757
2037,2,70,203800,135827
2038,2,71,203900,135898
2039,2,74,204000,135972
2040,3,69,204100,136041
2041,2,72,204200,136113
2042,2,64,204300,136177
2043,3,68,204400,136245
2044,7,70,204500,136315
2045,4,71,204600,136386
2046,5,78,204700,136464
2047,7,65,204800,136529
2048,3,72,204900,136601
2049,5,60,205000,136661
2050,4,67,205100,136728
2051,4,76,205200,136804
2052,3,72,205300,136876
2053,2,77,205400,136953
2054,4,78,205500,137031
2055,4,64,205600,137095
2056,6,65,205700,137160
2057,5,71,205800,137231
2058,4,67,205900,137298
2059,5,73,206000,137371
2060,3,67,206100,137438
2061,4,71,206200,137509
2062,2,73,206300,137582
2063,2,81,206400,137663
2064,2,62,206500,137725
2065,2,65,206600,137790
2066,6,59,206700,137849
2067,2,75,206800,137924
2068,3,74,206900,137998
2069,3,69,207000,138067
2070,2,74,207100,138141
2071,2,74,207200,138215
2072,4,65,207300,138280
2073,2,75,207400,138355
2074,2,69,207500,138424
2075,3,74,207600,138498
2076,3,79,207700,138577
2077,4,68,207800,138645
2078,3,73,207900,138718
2079,2,62,208000,138780
2080,2,73,208100,138853
2081,2,71,208200,138924
2082,2,67,208300,138991
2083,2,76,208400,139067
2084,2,73,208500,139140
2085,2,65,208600,139205
2086,2,75,208700,139280
2087,2,69,208800,139349
2088,2,79,208900,139428
2089,2,74,209000,139502
2090,5,70,209100,139572
2091,2,73,209200,139645
2092,2,73,209300,139718
2093,2,71,209400,139789
2094,2,72,209500,139861
2095,3,73,209600,139934
2096,4,71,209700,140005
2097,2,74,209800,140079
2098,2,74,209900,140153
2099,2,70,210000,140223
2100,2,77,210100,140300
2101,2,76,210200,140376
2102,3,66,210300,140442
2103,3,64,210400,140506
2104,5,76,210500,140582
2105,2,74,210600,140656
2106,3,77,210700,140733
2107,3,83,210800,140816
2108,3,75,210900,140891
2109,4,82,211000,140973
2110,3,67,211100,141040
2111,2,68,211200,141108
2112,2,68,211300,141176
2113,3,78,211400,141254
2114,3,70,211500,141324
2115,3,68,211600,141392
2116,2,71,211700,141463
2117,4,76,211800,141539
2118,2,77,211900,141616
2119,2,69,212000,141685
2120,3,76,212100,141761
2121,3,74,212200,141835
2122,2,72,212300,141907
2123,2,74,212400,141981
2124,3,72,212500,142053
2125,2,71,212600,142124
2126,3,70,212700,142194
2127,2,68,212800,142262
2128,2,68,212900,142330
2129,2,80,213000,142410
2130,2,72,213100,142482
2131,2,80,213200,142562
2132,3,73,213300,142635
2133,2,73,213400,142708
2134,2,78,213500,142786
2135,2,82,213600,142868
2136,2,67,213700,142935
2137,3,75,213800,143010
2138,4,75,213900,143085
2139,2,78,214000,143163
2140,3,71,214100,143234
2141,2,65,214200,143299
2142,3,69,214300,143368
2143,3,63,214400,143431
2144,3,67,214500,143498
2145,4,69,214600,143567
2146,2,69,214700,143636
2147,4,70,214800,143706
2148,3,71,214900,143777
2149,2,69,215000,143846
2150,3,74,215100,143920
2151,2,65,215200,143985
2152,2,62,215300,144047
2153,2,66,215400,144113
2154,2,68,215500,144181
2155,4,69,215600,144250
2156,2,68,215700,144318
2157,2,62,215800,144380
2158,2,66,215900,144446
2159,2,55,216000,144501
2160,2,65,216100,144566
2161,5,57,216200,144623
2162,2,53,216300,144676
2163,5,55,216400,144731
2164,3,56,216500,144787
2165,2,54,216600,144841
2166,2,56,216700,144897
2167,3,53,216800,144950
2168,4,62,216900,145012
2169,2,55,217000,145067
2170,3,50,217100,145117
2171,3,50,217200,145167
2172,4,57,217300,145224
2173,2,56,217400,145280
2174,4,61,217500,145341
2175,4,49,217600,145390
2176,4,50,217700,145440
2177,4,50,217800,145490
2178,3,50,217900,145540
2179,2,50,218000,145590
2180,4,54,218100,145644
2181,3,50,218200,145694
2182,3,55,218300,145749
2183,3,50,218400,145799
2184,2,65,218500,145864
2185,5,53,218600,145917
2186,4,61,218700,145978
2187,4,53,218800,146031
2188,4,59,218900,146090
2189,4,56,219000,146146
2190,4,63,219100,146209
2191,3,61,219200,146270
2192,4,60,219300,146330
2193,2,56,219400,146386
2194,4,63,219500,146449
2195,2,63,219600,146512
2196,3,67,219700,146579
2197,3,61,219800,146640
2198,2,58,219900,146698
2199,2,51,220000,146749
2200,4,53,220100,146802
2201,2,63,220200,146865
2202,3,60,220300,146925
2203,2,63,220400,146988
2204,5,59,220500,147047
2205,2,63,220600,147110
2206,2,63,220700,147173
2207,5,61,220800,147234
2208,3,67,220900,147301
2209,4,72,221000,147373
2210,3,70,221100,147443
2211,2,64,221200,147507
2212,4,60,221300,147567
2213,4,72,221400,147639
2214,2,58,221500,147697
2215,5,70,221600,147767
2216,2,73,221700,147840
2217,3,71,221800,147911
2218,2,69,221900,147980
2219,3,71,222000,148051
2220,3,70,222100,148121
2221,2,70,222200,148191
2222,3,68,222300,148259
2223,4,74,222400,148333
2224,5,72,222500,148405
2225,2,78,222600,148483
2226,2,75,222700,148558
2227,4,68,222800,148626
2228,2,69,222900,148695
2229,5,74,223000,148769
2230,3,85,223100,148854
2231,2,72,223200,148926
2232,3,76,223300,149002
2233,2,72,223400,149074
2234,2,74,223500,149148
2235,2,68,223600,149216
2236,2,72,223700,149288
2237,3,77,223800,149365
2238,3,74,223900,149439
2239,4,70,224000,149509
2240,3,72,224100,149581
2241,2,76,224200,149657
2242,2,72,224300,149729
2243,6,70,224400,149799
2244,3,70,224500,149869
2245,2,78,224600,149947
2246,2,63,224700,150010
2247,3,79,224800,150089
2248,2,67,224900,150156
2249,5,79,225000,150235
2250,2,77,225100,150312
2251,4,68,225200,150380
2252,3,71,225300,150451
2253,3,71,225400,150522
2254,5,76,225500,150598
2255,2,70,225600,150668
2256,2,72,225700,150740
2257,3,70,225800,150810
2258,3,72,225900,150882
2259,2,76,226000,150958
2260,2,81,226100,151039
2261,3,73,226200,151112
2262,2,61,226300,151173
2263,3,71,226400,151244
2264,2,74,226500,151318
2265,3,61,226600,151379
2266,4,69,226700,151448
2267,3,63,226800,151511
2268,4,69,226900,151580
2269,2,69,227000,151649
2270,3,77,227100,151726
2271,2,74,227200,151800
2272,4,75,227300,151875
2273,2,70,227400,151945
2274,4,69,227500,152014
2275,4,76,227600,152090
2276,2,68,227700,152158
2277,4,68,227800,152226
2278,2,73,227900,152299
2279,2,70,228000,152369
2280,2,82,228100,152451
2281,3,69,228200,152520
2282,2,73,228300,152593
2283,3,77,228400,152670
2284,2,68,228500,152738
2285,2,71,228600,152809
2286,3,81,228700,152890
2287,2,77,228800,152967
2288,3,76,228900,153043
2289,2,77,229000,153120
2290,3,70,229100,153190
2291,2,74,229200,153264
2292,2,79,229300,153343
2293,4,72,229400,153415
2294,2,77,229500,153492
2295,6,70,229600,153562
2296,2,82,229700,153644
2297,3,71,229800,153715
2298,2,78,229900,153793
2299,2,78,230000,153871
2300,2,79,230100,153950
2301,2,82,230200,154032
2302,2,77,230300,154109
2303,3,78,230400,154187
2304,4,73,230500,154260
2305,2,79,230600,154339
2306,3,83,230700,154422
2307,4,78,230800,154500
2308,2,80,230900,154580
2309,2,69,231000,154649
2310,2,77,231100,154726
2311,2,78,231200,154804
2312,2,82,231300,154886
2313,2,76,231400,154962
2314,2,74,231500,155036
2315,2,74,231600,155110
2316,2,79,231700,155189
2317,2,77,231800,155266
2318,2,76,231900,155342
2319,2,83,232000,155425
2320,2,77,232100,155502
2321,2,76,232200,155578
2322,3,67,232300,155645
2323,2,85,232400,155730
2324,2,78,232500,155808
2325,3,76,232600,155884
2326,2,76,232700,155960
2327,2,77,232800,156037
2328,2,85,232900,156122
2329,3,79,233000,156201
2330,2,81,233100,156282
2331,3,86,233200,156368
2332,3,83,233300,156451
2333,2,79,233400,156530
2334,2,82,233500,156612
2335,2,70,233600,156682
2336,2,79,233700,156761
2337,3,81,233800,156842
2338,3,78,233900,156920
2339,3,79,234000,156999
2340,3,70,234100,157069
2341,2,81,234200,157150
2342,2,77,234300,157227
2343,2,79,234400,157306
2344,2,72,234500,157378
2345,2,81,234600,157459
2346,2,68,234700,157527
2347,2,82,234800,157609
2348,3,74,234900,157683
2349,2,80,235000,157763
2350,2,79,235100,157842
2351,2,74,235200,157916
2352,2,74,235300,157990
2353,2,80,235400,158070
2354,2,71,235500,158141
2355,2,79,235600,158220
2356,2,79,235700,158299
2357,3,86,235800,158385
2358,3,84,235900,158469
2359,2,81,236000,158550
2360,3,84,236100,158634
2361,2,80,236200,158714
2362,4,69,236300,158783
2363,2,83,236400,158866
2364,2,70,236500,158936
2365,3,79,236600,159015
2366,3,70,236700,159085
2367,2,75,236800,159160
2368,2,81,236900,159241
2369,3,83,237000,159324
2370,2,83,237100,159407
2371,2,82,237200,159489
2372,2,75,237300,159564
2373,2,80,237400,159644
2374,3,74,237500,159718
2375,3,75,237600,159793
2376,2,74,237700,159867
2377,2,77,237800,159944
2378,2,84,237900,160028
2379,2,72,238000,160100
2380,2,76,238100,160176
2381,2,78,238200,160254
2382,4,77,238300,160331
2383,2,74,238400,160405
2384,2,79,238500,160484
2385,2,78,238600,160562
2386,2,72,238700,160634
2387,2,80,238800,160714
2388,2,74,238900,160788
2389,3,80,239000,160868
2390,2,85,239100,160953
2391,3,78,239200,161031
2392,3,79,239300,161110
2393,2,81,239400,161191
2394,3,75,239500,161266
2395,2,78,239600,161344
2396,3,81,239700,161425
2397,3,76,239800,161501
2398,2,78,239900,161579
2399,3,78,240000,161657
2400,2,64,240100,161721
2401,3,69,240200,161790
2402,5,82,240300,161872
2403,5,83,240400,161955
2404,3,84,240500,162039
2405,3,81,240600,162120
2406,2,82,240700,162202
2407,2,72,240800,162274
2408,2,74,240900,162348
2409,3,78,241000,162426
2410,3,87,241100,162513
2411,4,80,241200,162593
2412,2,72,241300,162665
2413,2,80,241400,162745
2414,3,78,241500,162823
2415,3,78,241600,162901
2416,3,66,241700,162967
2417,2,79,241800,163046
2418,2,78,241900,163124
2419,3,76,242000,163200
2420,2,78,242100,163278
2421,4,69,242200,163347
2422,2,73,242300,163420
2423,4,73,242400,163493
2424,2,81,242500,163574
2425,2,81,242600,163655
2426,4,78,242700,163733
2427,2,82,242800,163815
2428,5,79,242900,163894
2429,3,79,243000,163973
2430,3,78,243100,164051
2431,5,72,243200,164123
2432,2,90,243300,164213
2433,2,78,243400,164291
2434,2,83,243500,164374
2435,2,75,243600,164449
2436,4,74,243700,164523
2437,2,85,243800,164608
2438,3,72,243900,164680
2439,4,73,244000,164753
2440,2,79,244100,164832
2441,3,84,244200,164916
2442,2,82,244300,164998
2443,2,78,244400,165076
2444,2,76,244500,165152
2445,2,75,244600,165227
2446,2,76,244700,165303
2447,3,77,244800,165380
2448,3,80,244900,165460
2449,2,74,245000,165534
2450,3,84,245100,165618
2451,2,79,245200,165697
2452,4,82,245300,165779
2453,2,75,245400,165854
2454,2,77,245500,165931
2455,2,79,245600,166010
2456,2,76,245700,166086
2457,2,76,245800,166162
2458,2,86,245900,166248
2459,2,81,246000,166329
2460,2,81,246100,166410
2461,3,83,246200,166493
2462,2,78,246300,166571
2463,2,86,246400,166657
2464,2,80,246500,166737
2465,2,76,246600,166813
2466,2,77,246700,166890
2467,2,78,246800,166968
2468,3,84,246900,167052
2469,2,80,247000,167132
2470,4,75,247100,167207
2471,2,76,247200,167283
2472,2,81,247300,167364
2473,2,81,247400,167445
2474,2,77,247500,167522
2475,2,79,247600,167601
2476,2,74,247700,167675
2477,4,74,247800,167749
2478,2,76,247900,167825
2479,3,80,248000,167905
2480,2,79,248100,167984
2481,2,80,248200,168064
2482,2,71,248300,168135
2483,2,79,248400,168214
2484,2,75,248500,168289
2485,2,83,248600,168372
2486,2,75,248700,168447
2487,2,81,248800,168528
2488,2,79,248900,168607
2489,4,79,249000,168686
2490,2,79,249100,168765
2491,2,77,249200,168842
2492,3,74,249300,168916
2493,2,80,249400,168996
2494,2,79,249500,169075
2495,3,77,249600,169152
2496,2,85,249700,169237
2497,2,81,249800,169318
2498,3,83,249900,169401
2499,3,84,250000,169485
2500,2,81,250100,169566
2501,3,82,250200,169648
2502,2,83,250300,169731
2503,2,80,250400,169811
2504,2,79,250500,169890
2505,2,76,250600,169966
2506,2,82,250700,170048
2507,2,87,250800,170135
2508,2,80,250900,170215
2509,2,83,251000,170298
2510,2,86,251100,170384
2511,2,80,251200,170464
2512,3,78,251300,170542
2513,2,84,251400,170626
2514,3,80,251500,170706
2515,2,81,251600,170787
2516,3,83,251700,170870
2517,2,82,251800,170952
2518,2,79,251900,171031
2519,2,77,252000,171108
2520,2,76,252100,171184
2521,2,77,252200,171261
2522,2,81,252300,171342
2523,3,85,252400,171427
2524,2,76,252500,171503
2525,2,82,252600,171585
2526,2,85,252700,171670
2527,2,78,252800,171748
2528,2,84,252900,171832
2529,2,80,253000,171912
2530,2,68,253100,171980
2531,2,69,253200,172049
2532,2,69,253300,172118
2533,3,76,253400,172194
2534,2,84,253500,172278
2535,3,77,253600,172355
2536,2,81,253700,172436
2537,4,79,253800,172515
2538,3,84,253900,172599
2539,3,80,254000,172679
2540,2,80,254100,172759
2541,2,79,254200,172838
2542,4,82,254300,172920
2543,2,77,254400,172997
2544,4,77,254500,173074
2545,3,77,254600,173151
2546,2,82,254700,173233
2547,3,80,254800,173313
2548,4,75,254900,173388
2549,3,82,255000,173470
2550,2,77,255100,173547
2551,4,88,255200,173635
2552,2,79,255300,173714
2553,3,75,255400,173789
2554,2,83,255500,173872
2555,4,77,255600,173949
2556,5,72,255700,174021
2557,2,82,255800,174103
2558,2,80,255900,174183
2559,4,74,256000,174257
2560,2,79,256100,174336
2561,2,77,256200,174413
2562,2,85,256300,174498
2563,3,79,256400,174577
2564,3,80,256500,174657
2565,2,79,256600,174736
2566,2,83,256700,174819
2567,3,80,256800,174899
2568,5,71,256900,174970
2569,2,76,257000,175046
2570,2,85,257100,175131
2571,3,80,257200,175211
2572,2,84,257300,175295
2573,3,85,257400,175380
2574,2,84,257500,175464
2575,5,76,257600,175540
2576,4,81,257700,175621
2577,3,71,257800,175692
2578,2,64,257900,175756
2579,2,86,258000,175842
2580,2,71,258100,175913
2581,4,86,258200,175999
2582,2,83,258300,176082
2583,2,81,258400,176163
2584,2,86,258500,176249
2585,3,78,258600,176327
2586,2,82,258700,176409
2587,2,75,258800,176484
2588,2,82,258900,176566
2589,3,78,259000,176644
2590,3,78,259100,176722
2591,3,76,259200,176798
2592,2,70,259300,176868
2593,2,79,259400,176947
2594,2,89,259500,177036
2595,2,87,259600,177123
2596,2,85,259700,177208
2597,2,83,259800,177291
2598,2,80,259900,177371
2599,2,81,260000,177452
2600,3,86,260100,177538
2601,2,79,260200,177617
2602,3,78,260300,177695
2603,2,63,260400,177758
2604,3,79,260500,177837
2605,2,86,260600,177923
2606,2,80,260700,178003
2607,2,82,260800,178085
2608,2,80,260900,178165
2609,3,80,261000,178245
2610,3,80,261100,178325
2611,2,78,261200,178403
2612,2,84,261300,178487
2613,2,84,261400,178571
2614,3,85,261500,178656
2615,2,83,261600,178739
2616,2,84,261700,178823
2617,2,74,261800,178897
2618,3,77,261900,178974
2619,2,82,262000,179056
2620,2,85,262100,179141
2621,2,84,262200,179225
2622,2,75,262300,179300
2623,2,82,262400,179382
2624,3,79,262500,179461
2625,2,79,262600,179540
2626,3,82,262700,179622
2627,3,81,262800,179703
2628,3,78,262900,179781
2629,4,81,263000,179862
2630,2,87,263100,179949
2631,2,83,263200,180032
2632,2,84,263300,180116
2633,3,84,263400,180200
2634,3,83,263500,180283
2635,2,81,263600,180364
2636,3,82,263700,180446
2637,2,80,263800,180526
2638,2,72,263900,180598
2639,2,78,264000,180676
2640,3,82,264100,180758
2641,3,80,264200,180838
2642,2,86,264300,180924
2643,2,90,264400,181014
2644,2,78,264500,181092
2645,2,88,264600,181180
2646,2,85,264700,181265
2647,3,78,264800,181343
2648,2,83,264900,181426
2649,2,87,265000,181513
2650,2,82,265100,181595
2651,2,85,265200,181680
2652,2,87,265300,181767
2653,3,79,265400,181846
2654,2,81,265500,181927
2655,2,76,265600,182003
2656,2,77,265700,182080
2657,2,78,265800,182158
2658,2,85,265900,182243
2659,3,87,266000,182330
2660,2,76,266100,182406
2661,2,74,266200,182480
2662,2,81,266300,182561
2663,2,82,266400,182643
2664,2,81,266500,182724
2665,3,78,266600,182802
2666,2,75,266700,182877
2667,2,80,266800,182957
2668,2,87,266900,183044
2669,2,82,267000,183126
2670,2,79,267100,183205
2671,2,80,267200,183285
2672,2,81,267300,183366
2673,2,79,267400,183445
2674,2,86,267500,183531
2675,2,78,267600,183609
2676,2,82,267700,183691
2677,3,86,267800,183777
2678,3,81,267900,183858
2679,2,82,268000,183940
2680,2,81,268100,184021
2681,2,81,268200,184102
2682,2,88,268300,184190
2683,2,82,268400,184272
2684,2,74,268500,184346
2685,2,80,268600,184426
2686,2,84,268700,184510
2687,2,81,268800,184591
2688,2,82,268900,184673
2689,3,74,269000,184747
2690,3,77,269100,184824
2691,2,81,269200,184905
2692,2,80,269300,184985
2693,2,81,269400,185066
2694,2,88,269500,185154
2695,3,84,269600,185238
2696,2,79,269700,185317
2697,2,78,269800,185395
2698,2,81,269900,185476
2699,2,75,270000,185551
2700,2,73,270100,185624
2701,2,83,270200,185707
2702,2,85,270300,185792
2703,2,86,270400,185878
2704,3,82,270500,185960
2705,2,77,270600,186037
2706,2,85,270700,186122
2707,2,83,270800,186205
2708,2,83,270900,186288
2709,2,82,271000,186370
2710,2,88,271100,186458
2711,2,86,271200,186544
2712,2,80,271300,186624
2713,3,77,271400,186701
2714,2,85,271500,186786
2715,2,75,271600,186861
2716,2,75,271700,186936
2717,3,78,271800,187014
2718,3,80,271900,187094
2719,3,77,272000,187171
2720,2,77,272100,187248
2721,3,82,272200,187330
2722,2,87,272300,187417
2723,2,74,272400,187491
2724,3,88,272500,187579
2725,3,77,272600,187656
2726,2,75,272700,187731
2727,2,91,272800,187822
2728,2,80,272900,187902
2729,2,80,273000,187982
2730,2,81,273100,188063
2731,2,79,273200,188142
2732,3,87,273300,188229
2733,2,88,273400,188317
2734,2,80,273500,188397
2735,4,80,273600,188477
2736,2,79,273700,188556
2737,2,88,273800,188644
2738,2,81,273900,188725
2739,2,82,274000,188807
2740,2,86,274100,188893
2741,2,83,274200,188976
2742,2,77,274300,189053
2743,2,80,274400,189133
2744,2,80,274500,189213
2745,2,78,274600,189291
2746,3,84,274700,189375
2747,2,87,274800,189462
2748,2,83,274900,189545
2749,2,78,275000,189623
2750,2,81,275100,189704
2751,2,79,275200,189783
2752,2,83,275300,189866
2753,2,73,275400,189939
2754,2,73,275500,190012
2755,2,84,275600,190096
2756,3,87,275700,190183
2757,3,84,275800,190267
2758,2,77,275900,190344
2759,3,72,276000,190416
2760,2,81,276100,190497
2761,2,77,276200,190574
2762,2,81,276300,190655
2763,2,81,276400,190736
2764,2,80,276500,190816
2765,3,81,276600,190897
2766,2,89,276700,190986
2767,2,80,276800,191066
2768,3,81,276900,191147
2769,3,81,277000,191228
2770,2,84,277100,191312
2771,2,80,277200,191392
2772,2,82,277300,191474
2773,2,81,277400,191555
2774,2,83,277500,191638
2775,2,81,277600,191719
2776,2,81,277700,191800
2777,2,87,277800,191887
2778,3,82,277900,191969
2779,3,81,278000,192050
2780,3,78,278100,192128
2781,2,78,278200,192206
2782,3,83,278300,192289
2783,3,79,278400,192368
2784,2,78,278500,192446
2785,2,82,278600,192528
2786,2,75,278700,192603
2787,2,85,278800,192688
2788,4,83,278900,192771
2789,2,81,279000,192852
2790,2,82,279100,192934
2791,2,76,279200,193010
2792,2,87,279300,193097
2793,2,85,279400,193182
2794,2,86,279500,193268
2795,2,76,279600,193344
2796,2,87,279700,193431
2797,2,69,279800,193500
2798,3,81,279900,193581
2799,2,84,280000,193665
2800,2,85,280100,193750
2801,4,79,280200,193829
2802,3,76,280300,193905
2803,3,78,280400,193983
2804,2,79,280500,194062
2805,2,76,280600,194138
2806,2,78,280700,194216
2807,3,79,280800,194295
2808,2,83,280900,194378
2809,2,82,281000,194460
2810,2,85,281100,194545
2811,3,83,281200,194628
2812,5,76,281300,194704
2813,3,83,281400,194787
2814,2,85,281500,194872
2815,2,87,281600,194959
2816,2,85,281700,195044
2817,4,73,281800,195117
2818,2,73,281900,195190
2819,2,74,282000,195264
2820,2,79,282100,195343
2821,2,81,282200,195424
2822,2,80,282300,195504
2823,3,75,282400,195579
2824,2,77,282500,195656
2825,5,79,282600,195735
2826,2,82,282700,195817
2827,3,78,282800,195895
2828,2,83,282900,195978
2829,2,84,283000,196062
2830,3,88,283100,196150
2831,3,82,283200,196232
2832,2,78,283300,196310
2833,4,80,283400,196390
2834,2,83,283500,196473
2835,2,82,283600,196555
2836,2,77,283700,196632
2837,3,85,283800,196717
2838,2,80,283900,196797
2839,2,76,284000,196873
2840,2,78,284100,196951
2841,2,80,284200,197031
2842,3,83,284300,197114
2843,3,78,284400,197192
2844,2,80,284500,197272
2845,2,78,284600,197350
2846,2,75,284700,197425
2847,2,73,284800,197498
2848,2,83,284900,197581
2849,2,79,285000,197660
2850,2,83,285100,197743
2851,2,86,285200,197829
2852,2,84,285300,197913
2853,3,84,285400,197997
2854,2,81,285500,198078
2855,2,76,285600,198154
2856,2,85,285700,198239
2857,2,84,285800,198323
2858,2,74,285900,198397
2859,2,83,286000,198480
2860,2,84,286100,198564
2861,2,73,286200,198637
2862,2,81,286300,198718
2863,2,75,286400,198793
2864,2,82,286500,198875
2865,2,76,286600,198951
2866,2,83,286700,199034
2867,2,89,286800,199123
2868,2,79,286900,199202
2869,2,78,287000,199280
2870,2,80,287100,199360
2871,2,87,287200,199447
2872,2,78,287300,199525
2873,2,88,287400,199613
2874,2,78,287500,199691
2875,2,76,287600,199767
2876,2,79,287700,199846
2877,2,77,287800,199923
2878,2,79,287900,200002
2879,2,77,288000,200079
2880,2,84,288100,200163
2881,2,81,288200,200244
2882,3,87,288300,200331
2883,2,86,288400,200417
2884,3,81,288500,200498
2885,3,76,288600,200574
2886,4,77,288700,200651
2887,2,79,288800,200730
2888,2,83,288900,200813
2889,2,89,289000,200902
2890,2,85,289100,200987
2891,3,80,289200,201067
2892,2,79,289300,201146
2893,2,84,289400,201230
2894,2,88,289500,201318
2895,2,84,289600,201402
2896,2,81,289700,201483
2897,4,76,289800,201559
2898,2,88,289900,201647
2899,2,84,290000,201731
2900,2,74,290100,201805
2901,2,80,290200,201885
2902,2,72,290300,201957
2903,2,76,290400,202033
2904,4,77,290500,202110
2905,2,82,290600,202192
2906,2,74,290700,202266
2907,2,82,290800,202348
2908,2,80,290900,202428
2909,2,77,291000,202505
2910,2,78,291100,202583
2911,2,75,291200,202658
2912,2,84,291300,202742
2913,3,79,291400,202821
2914,4,78,291500,202899
2915,2,85,291600,202984
2916,2,82,291700,203066
2917,2,86,291800,203152
2918,2,85,291900,203237
2919,2,74,292000,203311
2920,2,82,292100,203393
2921,2,76,292200,203469
2922,2,88,292300,203557
2923,2,79,292400,203636
2924,3,85,292500,203721
2925,2,78,292600,203799
2926,2,81,292700,203880
2927,2,73,292800,203953
2928,2,78,292900,204031
2929,3,80,293000,204111
2930,2,81,293100,204192
2931,2,80,293200,204272
2932,2,76,293300,204348
2933,2,71,293400,204419
2934,3,83,293500,204502
2935,2,89,293600,204591
2936,3,79,293700,204670
2937,2,86,293800,204756
2938,4,79,293900,204835
2939,2,82,294000,204917
2940,2,87,294100,205004
2941,2,83,294200,205087
2942,2,74,294300,205161
2943,3,83,294400,205244
2944,2,84,294500,205328
2945,2,82,294600,205410
2946,2,85,294700,205495
2947,2,89,294800,205584
2948,2,79,294900,205663
2949,2,80,295000,205743
2950,3,80,295100,205823
2951,2,79,295200,205902
2952,3,72,295300,205974
2953,2,87,295400,206061
2954,3,82,295500,206143
2955,3,78,295600,206221
2956,2,76,295700,206297
2957,2,73,295800,206370
2958,2,82,295900,206452
2959,2,87,296000,206539
2960,3,86,296100,206625
2961,2,73,296200,206698
2962,2,82,296300,206780
2963,3,85,296400,206865
2964,3,89,296500,206954
2965,2,87,296600,207041
2966,2,87,296700,207128
2967,2,80,296800,207208
2968,3,83,296900,207291
2969,2,79,297000,207370
2970,2,75,297100,207445
2971,2,79,297200,207524
2972,3,72,297300,207596
2973,3,74,297400,207670
2974,3,73,297500,207743
2975,3,85,297600,207828
2976,3,83,297700,207911
2977,2,83,297800,207994
2978,4,83,297900,208077
2979,2,82,298000,208159
2980,2,81,298100,208240
2981,3,80,298200,208320
2982,3,81,298300,208401
2983,3,84,298400,208485
2984,2,84,298500,208569
2985,4,80,298600,208649
2986,2,91,298700,208740
2987,3,82,298800,208822
2988,4,78,298900,208900
2989,2,79,299000,208979
2990,2,83,299100,209062
2991,2,84,299200,209146
2992,3,82,299300,209228
2993,2,81,299400,209309
2994,2,85,299500,209394
2995,2,87,299600,209481
2996,2,91,299700,209572
2997,2,87,299800,209659
2998,2,73,299900,209732
2999,2,78,300000,209810
3000,2,80,300100,209890
3001,2,82,300200,209972
3002,2,82,300300,210054
3003,2,85,300400,210139
3004,2,79,300500,210218
3005,2,77,300600,210295
3006,2,82,300700,210377
3007,3,85,300800,210462
3008,2,88,300900,210550
3009,2,85,301000,210635
3010,2,77,301100,210712
3011,2,88,301200,210800
3012,2,82,301300,210882
3013,2,78,301400,210960
3014,2,83,301500,211043
3015,2,94,301600,211137
3016,2,85,301700,211222
3017,2,83,301800,211305
3018,3,83,301900,211388
3019,4,80,302000,211468
3020,2,92,302100,211560
3021,3,87,302200,211647
3022,3,75,302300,211722
3023,2,84,302400,211806
3024,2,78,302500,211884
3025,2,82,302600,211966
3026,2,84,302700,212050
3027,3,80,302800,212130
3028,2,86,302900,212216
3029,3,86,303000,212302
3030,4,84,303100,212386
3031,3,80,303200,212466
3032,2,72,303300,212538
3033,2,80,303400,212618
3034,2,84,303500,212702
3035,2,90,303600,212792
3036,2,81,303700,212873
3037,2,77,303800,212950
3038,2,82,303900,213032
3039,3,82,304000,213114
3040,2,83,304100,213197
3041,2,78,304200,213275
3042,2,84,304300,213359
3043,3,88,304400,213447
3044,2,82,304500,213529
3045,3,78,304600,213607
3046,2,72,304700,213679
3047,2,84,304800,213763
3048,2,76,304900,213839
3049,2,79,305000,213918
3050,2,83,305100,214001
3051,2,80,305200,214081
3052,2,80,305300,214161
3053,3,82,305400,214243
3054,2,86,305500,214329
3055,2,77,305600,214406
3056,2,85,305700,214491
3057,2,78,305800,214569
3058,3,77,305900,214646
3059,3,80,306000,214726
3060,2,83,306100,214809
3061,2,87,306200,214896
3062,2,83,306300,214979
3063,5,91,306400,215070
3064,2,87,306500,215157
3065,2,80,306600,215237
3066,2,87,306700,215324
3067,2,84,306800,215408
3068,2,79,306900,215487
3069,2,76,307000,215563
3070,2,91,307100,215654
3071,2,93,307200,215747
3072,2,86,307300,215833
3073,2,88,307400,215921
3074,2,79,307500,216000
3075,2,83,307600,216083
3076,3,78,307700,216161
3077,2,80,307800,216241
3078,2,83,307900,216324
3079,2,77,308000,216401
3080,2,88,308100,216489
3081,2,84,308200,216573
3082,2,84,308300,216657
3083,2,90,308400,216747
3084,3,83,308500,216830
3085,2,84,308600,216914
3086,2,85,308700,216999
3087,2,89,308800,217088
3088,4,88,308900,217176
3089,2,83,309000,217259
3090,2,84,309100,217343
3091,2,85,309200,217428
3092,2,75,309300,217503
3093,2,77,309400,217580
3094,2,80,309500,217660
3095,2,80,309600,217740
3096,2,80,309700,217820
3097,2,78,309800,217898
3098,2,81,309900,217979
3099,2,84,310000,218063
3100,2,82,310100,218145
3101,4,83,310200,218228
3102,2,83,310300,218311
3103,2,78,310400,218389
3104,2,83,310500,218472
3105,3,77,310600,218549
3106,2,88,310700,218637
3107,2,79,310800,218716
3108,2,83,310900,218799
3109,2,85,311000,218884
3110,2,81,311100,218965
3111,2,87,311200,219052
3112,2,80,311300,219132
3113,3,72,311400,219204
3114,3,83,311500,219287
3115,2,82,311600,219369
3116,2,76,311700,219445
3117,3,81,311800,219526
3118,3,83,311900,219609
3119,2,83,312000,219692
3120,2,81,312100,219773
3121,2,80,312200,219853
3122,2,88,312300,219941
3123,2,86,312400,220027
3124,2,85,312500,220112
3125,2,91,312600,220203
3126,3,73,312700,220276
3127,2,78,312800,220354
3128,2,80,312900,220434
3129,3,86,313000,220520
3130,2,84,313100,220604
3131,3,83,313200,220687
3132,4,81,313300,220768
3133,2,83,313400,220851
3134,2,80,313500,220931
3135,2,87,313600,221018
3136,6,84,313700,221102
3137,2,79,313800,221181
3138,2,87,313900,221268
3139,2,83,314000,221351
3140,2,79,314100,221430
3141,2,79,314200,221509
3142,2,83,314300,221592
3143,2,87,314400,221679
3144,2,80,314500,221759
3145,2,82,314600,221841
3146,2,86,314700,221927
3147,2,81,314800,222008
3148,2,83,314900,222091
3149,2,77,315000,222168
3150,2,79,315100,222247
3151,3,85,315200,222332
3152,2,81,315300,222413
3153,4,82,315400,222495
3154,2,85,315500,222580
3155,2,76,315600,222656
3156,3,80,315700,222736
3157,3,82,315800,222818
3158,2,87,315900,222905
3159,2,85,316000,222990
3160,2,76,316100,223066
3161,2,73,316200,223139
3162,2,78,316300,223217
3163,3,86,316400,223303
3164,2,83,316500,223386
3165,2,86,316600,223472
3166,2,75,316700,223547
3167,2,86,316800,223633
3168,2,81,316900,223714
3169,2,81,317000,223795
3170,2,82,317100,223877
3171,2,75,317200,223952
3172,2,85,317300,224037
3173,2,80,317400,224117
3174,2,84,317500,224201
3175,3,83,317600,224284
3176,2,79,317700,224363
3177,2,84,317800,224447
3178,2,85,317900,224532
3179,2,86,318000,224618
3180,2,87,318100,224705
3181,2,80,318200,224785
3182,2,83,318300,224868
3183,3,83,318400,224951
3184,2,79,318500,225030
3185,3,81,318600,225111
3186,3,79,318700,225190
3187,2,87,318800,225277
3188,2,86,318900,225363
3189,2,84,319000,225447
3190,2,82,319100,225529
3191,2,80,319200,225609
3192,2,78,319300,225687
3193,2,90,319400,225777
3194,2,81,319500,225858
3195,2,83,319600,225941
3196,2,85,319700,226026
3197,2,85,319800,226111
3198,5,85,319900,226196
3199,2,86,320000,226282
3200,2,76,320100,226358
3201,3,77,320200,226435
3202,2,80,320300,226515
3203,2,79,320400,226594
3204,2,80,320500,226674
3205,3,74,320600,226748
3206,2,72,320700,226820
3207,2,75,320800,226895
3208,2,73,320900,226968
3209,3,83,321000,227051
3210,2,87,321100,227138
3211,3,83,321200,227221
3212,4,71,321300,227292
3213,2,85,321400,227377
3214,2,85,321500,227462
3215,2,84,321600,227546
3216,2,84,321700,227630
3217,2,80,321800,227710
3218,3,87,321900,227797
3219,2,88,322000,227885
3220,2,86,322100,227971
3221,3,83,322200,228054
3222,2,82,322300,228136
3223,2,80,322400,228216
3224,2,79,322500,228295
3225,2,82,322600,228377
3226,3,86,322700,228463
3227,2,81,322800,228544
3228,2,70,322900,228614
3229,2,84,323000,228698
3230,2,72,323100,228770
3231,2,78,323200,228848
3232,2,84,323300,228932
3233,3,87,323400,229019
3234,3,84,323500,229103
3235,2,82,323600,229185
3236,2,90,323700,229275
3237,2,84,323800,229359
3238,3,84,323900,229443
3239,2,87,324000,229530
3240,3,82,324100,229612
3241,3,91,324200,229703
3242,2,82,324300,229785
3243,3,79,324400,229864
3244,3,75,324500,229939
3245,4,70,324600,230009
3246,2,77,324700,230086
3247,2,83,324800,230169
3248,3,78,324900,230247
3249,3,83,325000,230330
3250,2,74,325100,230404
3251,2,77,325200,230481
3252,2,87,325300,230568
3253,2,84,325400,230652
3254,4,80,325500,230732
3255,2,76,325600,230808
3256,4,88,325700,230896
3257,2,80,325800,230976
3258,3,85,325900,231061
3259,4,80,326000,231141
3260,3,84,326100,231225
3261,2,88,326200,231313
3262,3,84,326300,231397
3263,3,83,326400,231480
3264,3,82,326500,231562
3265,2,79,326600,231641
3266,2,74,326700,231715
3267,2,83,326800,231798
3268,3,83,326900,231881
3269,5,81,327000,231962
3270,2,88,327100,232050
3271,2,84,327200,232134
3272,3,86,327300,232220
3273,2,80,327400,232300
3274,4,85,327500,232385
3275,2,85,327600,232470
3276,3,84,327700,232554
3277,2,83,327800,232637
3278,2,76,327900,232713
3279,2,84,328000,232797
3280,4,86,328100,232883
3281,3,77,328200,232960
3282,2,82,328300,233042
3283,2,81,328400,233123
3284,3,75,328500,233198
3285,2,82,328600,233280
3286,2,80,328700,233360
3287,2,80,328800,233440
3288,2,80,328900,233520
3289,4,86,329000,233606
3290,2,82,329100,233688
3291,3,78,329200,233766
3292,2,85,329300,233851
3293,2,81,329400,233932
3294,2,78,329500,234010
3295,2,87,329600,234097
3296,2,78,329700,234175
3297,2,93,329800,234268
3298,4,81,329900,234349
3299,2,88,330000,234437
3300,3,87,330100,234524
3301,2,81,330200,234605
3302,2,85,330300,234690
3303,3,79,330400,234769
3304,2,83,330500,234852
3305,3,78,330600,234930
3306,2,78,330700,235008
3307,3,83,330800,235091
3308,2,80,330900,235171
3309,2,83,331000,235254
3310,2,79,331100,235333
3311,3,83,331200,235416
3312,2,81,331300,235497
3313,2,83,331400,235580
3314,2,80,331500,235660
3315,2,83,331600,235743
3316,2,77,331700,235820
3317,2,82,331800,235902
3318,2,88,331900,235990
3319,3,79,332000,236069
3320,2,80,332100,236149
3321,4,75,332200,236224
3322,2,82,332300,236306
3323,2,69,332400,236375
3324,2,83,332500,236458
3325,2,77,332600,236535
3326,2,79,332700,236614
3327,3,73,332800,236687
3328,2,69,332900,236756
3329,2,82,333000,236838
3330,4,82,333100,236920
3331,2,87,333200,237007
3332,2,79,333300,237086
3333,2,84,333400,237170
3334,3,83,333500,237253
3335,2,79,333600,237332
3336,2,86,333700,237418
3337,2,79,333800,237497
3338,2,80,333900,237577
3339,2,72,334000,237649
3340,2,81,334100,237730
3341,4,82,334200,237812
3342,3,81,334300,237893
3343,2,85,334400,237978
3344,2,84,334500,238062
3345,3,91,334600,238153
3346,2,83,334700,238236
3347,2,81,334800,238317
3348,2,82,334900,238399
3349,3,82,335000,238481
3350,3,88,335100,238569
3351,2,83,335200,238652
3352,2,86,335300,238738
3353,2,84,335400,238822
3354,2,82,335500,238904
3355,2,83,335600,238987
3356,2,75,335700,239062
3357,2,85,335800,239147
3358,2,88,335900,239235
3359,2,84,336000,239319
3360,2,81,336100,239400
3361,2,81,336200,239481
3362,3,82,336300,239563
3363,3,85,336400,239648
3364,2,80,336500,239728
3365,2,83,336600,239811
3366,2,77,336700,239888
3367,2,85,336800,239973
3368,2,82,336900,240055
3369,2,79,337000,240134
3370,2,79,337100,240213
3371,3,81,337200,240294
3372,2,81,337300,240375
3373,3,73,337400,240448
3374,2,77,337500,240525
3375,2,87,337600,240612
3376,2,79,337700,240691
3377,2,81,337800,240772
3378,2,73,337900,240845
3379,2,91,338000,240936
3380,2,74,338100,241010
3381,2,81,338200,241091
3382,2,79,338300,241170
3383,2,83,338400,241253
3384,2,80,338500,241333
3385,3,78,338600,241411
3386,4,84,338700,241495
3387,2,81,338800,241576
3388,2,83,338900,241659
3389,2,82,339000,241741
3390,3,81,339100,241822
3391,2,73,339200,241895
3392,2,83,339300,241978
3393,3,78,339400,242056
3394,2,81,339500,242137
3395,2,89,339600,242226
3396,2,78,339700,242304
3397,2,84,339800,242388
3398,2,82,339900,242470
3399,2,84,340000,242554
3400,3,83,340100,242637
3401,3,86,340200,242723
3402,2,75,340300,242798
3403,3,84,340400,242882
3404,3,87,340500,242969
3405,3,87,340600,243056
3406,2,83,340700,243139
3407,2,82,340800,243221
3408,2,80,340900,243301
3409,2,81,341000,243382
3410,2,79,341100,243461
3411,3,84,341200,243545
3412,2,86,341300,243631
3413,2,81,341400,243712
3414,2,81,341500,243793
3415,2,82,341600,243875
3416,3,77,341700,243952
3417,2,84,341800,244036
3418,2,84,341900,244120
3419,2,78,342000,244198
3420,2,85,342100,244283
3421,2,85,342200,244368
3422,2,83,342300,244451
3423,2,84,342400,244535
3424,3,83,342500,244618
3425,2,86,342600,244704
3426,2,76,342700,244780
3427,2,82,342800,244862
3428,2,80,342900,244942
3429,2,78,343000,245020
3430,2,87,343100,245107
3431,2,89,343200,245196
3432,2,87,343300,245283
3433,3,81,343400,245364
3434,3,92,343500,245456
3435,2,81,343600,245537
3436,2,82,343700,245619
3437,2,89,343800,245708
3438,2,83,343900,245791
3439,2,74,344000,245865
3440,3,77,344100,245942
3441,3,77,344200,246019
3442,2,83,344300,246102
3443,2,88,344400,246190
3444,2,83,344500,246273
3445,2,89,344600,246362
3446,2,83,344700,246445
3447,2,79,344800,246524
3448,2,80,344900,246604
3449,3,76,345000,246680
3450,3,72,345100,246752
3451,2,77,345200,246829
3452,4,80,345300,246909
3453,2,84,345400,246993
3454,2,81,345500,247074
3455,2,80,345600,247154
3456,2,88,345700,247242
3457,2,82,345800,247324
3458,3,87,345900,247411
3459,2,85,346000,247496
3460,3,78,346100,247574
3461,2,85,346200,247659
3462,3,83,346300,247742
3463,3,81,346400,247823
3464,2,74,346500,247897
3465,2,83,346600,247980
3466,2,79,346700,248059
3467,2,88,346800,248147
3468,2,83,346900,248230
3469,2,87,347000,248317
3470,2,83,347100,248400
3471,2,88,347200,248488
3472,2,73,347300,248561
3473,2,88,347400,248649
3474,2,79,347500,248728
3475,2,86,347600,248814
3476,2,84,347700,248898
3477,3,88,347800,248986
3478,2,83,347900,249069
3479,2,82,348000,249151
3480,2,80,348100,249231
3481,2,84,348200,249315
3482,2,77,348300,249392
3483,2,81,348400,249473
3484,3,87,348500,249560
3485,2,81,348600,249641
3486,2,83,348700,249724
3487,2,82,348800,249806
3488,2,73,348900,249879
3489,2,83,349000,249962
3490,2,88,349100,250050
3491,3,88,349200,250138
3492,2,87,349300,250225
3493,2,85,349400,250310
3494,3,79,349500,250389
3495,2,85,349600,250474
3496,2,83,349700,250557
3497,3,80,349800,250637
3498,2,75,349900,250712
3499,3,79,350000,250791
3500,4,87,350100,250878
3501,2,82,350200,250960
3502,5,80,350300,251040
3503,3,83,350400,251123
3504,3,87,350500,251210
3505,2,86,350600,251296
3506,2,79,350700,251375
3507,2,82,350800,251457
3508,3,87,350900,251544
3509,3,88,351000,251632
3510,2,83,351100,251715
3511,3,85,351200,251800
3512,3,80,351300,251880
3513,2,74,351400,251954
3514,2,82,351500,252036
3515,2,84,351600,252120
3516,2,84,351700,252204
3517,3,86,351800,252290
3518,2,80,351900,252370
3519,2,82,352000,252452
3520,2,85,352100,252537
3521,2,87,352200,252624
3522,2,69,352300,252693
3523,3,91,352400,252784
3524,2,76,352500,252860
3525,2,87,352600,252947
3526,3,78,352700,253025
3527,2,79,352800,253104
3528,2,80,352900,253184
3529,2,83,353000,253267
3530,2,79,353100,253346
3531,2,83,353200,253429
3532,2,79,353300,253508
3533,2,85,353400,253593
3534,3,83,353500,253676
3535,2,79,353600,253755
3536,2,76,353700,253831
3537,2,87,353800,253918
3538,2,85,353900,254003
3539,2,79,354000,254082
3540,2,82,354100,254164
3541,2,86,354200,254250
3542,2,80,354300,254330
3543,2,88,354400,254418
3544,2,84,354500,254502
3545,2,78,354600,254580
3546,2,85,354700,254665
3547,2,85,354800,254750
3548,2,82,354900,254832
3549,3,85,355000,254917
3550,3,84,355100,255001
3551,2,76,355200,255077
3552,2,87,355300,255164
3553,2,82,355400,255246
3554,2,84,355500,255330
3555,2,85,355600,255415
3556,4,83,355700,255498
3557,2,83,355800,255581
3558,2,88,355900,255669
3559,2,87,356000,255756
3560,2,81,356100,255837
3561,3,82,356200,255919
3562,2,78,356300,255997
3563,2,86,356400,256083
3564,2,84,356500,256167
3565,3,89,356600,256256
3566,2,79,356700,256335
3567,2,79,356800,256414
3568,2,80,356900,256494
3569,4,81,357000,256575
3570,2,71,357100,256646
3571,4,82,357200,256728
3572,3,81,357300,256809
3573,3,86,357400,256895
3574,2,85,357500,256980
3575,2,83,357600,257063
3576,3,87,357700,257150
3577,2,79,357800,257229
3578,2,85,357900,257314
3579,3,79,358000,257393
3580,3,80,358100,257473
3581,2,76,358200,257549
3582,2,86,358300,257635
3583,2,81,358400,257716
3584,2,86,358500,257802
3585,3,85,358600,257887
3586,2,75,358700,257962
3587,2,82,358800,258044
3588,2,84,358900,258128
3589,2,81,359000,258209
3590,2,81,359100,258290
3591,2,81,359200,258371
3592,3,86,359300,258457
3593,2,87,359400,258544
3594,2,84,359500,258628
3595,3,75,359600,258703
3596,2,73,359700,258776
3597,2,74,359800,258850
3598,2,77,359900,258927
3599,2,76,360000,259003
3600,2,80,360100,259083
3601,3,76,360200,259159
3602,2,83,360300,259242
3603,2,86,360400,259328
3604,2,75,360500,259403
3605,2,90,360600,259493
3606,3,79,360700,259572
3607,2,83,360800,259655
3608,4,86,360900,259741
3609,3,90,361000,259831
3610,2,80,361100,259911
3611,2,80,361200,259991
3612,2,84,361300,260075
3613,2,73,361400,260148
3614,2,82,361500,260230
3615,2,86,361600,260316
3616,2,84,361700,260400
3617,2,83,361800,260483
3618,2,87,361900,260570
3619,2,78,362000,260648
3620,2,89,362100,260737
3621,2,81,362200,260818
3622,3,83,362300,260901
3623,3,81,362400,260982
3624,2,82,362500,261064
3625,2,89,362600,261153
3626,2,86,362700,261239
3627,3,86,362800,261325
3628,2,85,362900,261410
3629,3,81,363000,261491
3630,2,75,363100,261566
3631,3,85,363200,261651
3632,2,81,363300,261732
3633,3,80,363400,261812
3634,2,86,363500,261898
3635,3,83,363600,261981
3636,2,77,363700,262058
3637,2,86,363800,262144
3638,2,85,363900,262229
3639,2,84,364000,262313
3640,2,82,364100,262395
3641,2,87,364200,262482
3642,2,79,364300,262561
3643,2,88,364400,262649
3644,2,81,364500,262730
3645,3,85,364600,262815
3646,2,85,364700,262900
3647,2,89,364800,262989
3648,2,85,364900,263074
3649,2,89,365000,263163
3650,4,79,365100,263242
3651,3,82,365200,263324
3652,2,80,365300,263404
3653,3,85,365400,263489
3654,2,77,365500,263566
3655,3,87,365600,263653
3656,2,86,365700,263739
3657,2,79,365800,263818
3658,2,77,365900,263895
3659,3,80,366000,263975
3660,2,90,366100,264065
3661,2,80,366200,264145
3662,3,82,366300,264227
3663,2,82,366400,264309
3664,2,76,366500,264385
3665,2,79,366600,264464
3666,2,79,366700,264543
3667,2,78,366800,264621
3668,3,83,366900,264704
3669,2,85,367000,264789
3670,2,89,367100,264878
3671,2,82,367200,264960
3672,2,78,367300,265038
3673,2,88,367400,265126
3674,2,83,367500,265209
3675,2,84,367600,265293
3676,2,82,367700,265375
3677,3,84,367800,265459
3678,3,86,367900,265545
3679,3,81,368000,265626
3680,2,80,368100,265706
3681,2,84,368200,265790
3682,3,87,368300,265877
3683,2,84,368400,265961
3684,2,79,368500,266040
3685,2,81,368600,266121
3686,2,85,368700,266206
3687,2,82,368800,266288
3688,3,91,368900,266379
3689,2,88,369000,266467
3690,3,80,369100,266547
3691,3,83,369200,266630
3692,2,75,369300,266705
3693,3,80,369400,266785
3694,3,92,369500,266877
3695,2,83,369600,266960
3696,2,85,369700,267045
3697,3,82,369800,267127
3698,2,84,369900,267211
3699,2,81,370000,267292
3700,2,86,370100,267378
3701,2,85,370200,267463
3702,2,82,370300,267545
3703,2,81,370400,267626
3704,3,79,370500,267705
3705,2,79,370600,267784
3706,2,80,370700,267864
3707,2,80,370800,267944
3708,2,82,370900,268026
3709,2,80,371000,268106
3710,2,81,371100,268187
3711,2,80,371200,268267
3712,2,87,371300,268354
3713,2,78,371400,268432
3714,2,80,371500,268512
3715,2,77,371600,268589
3716,3,86,371700,268675
3717,2,81,371800,268756
3718,2,83,371900,268839
3719,2,84,372000,268923
3720,3,85,372100,269008
3721,2,86,372200,269094
3722,3,84,372300,269178
3723,2,86,372400,269264
3724,2,83,372500,269347
3725,2,84,372600,269431
3726,2,83,372700,269514
3727,2,83,372800,269597
3728,2,79,372900,269676
3729,2,85,373000,269761
3730,3,82,373100,269843
3731,2,80,373200,269923
3732,2,85,373300,270008
3733,2,81,373400,270089
3734,2,85,373500,270174
3735,2,82,373600,270256
3736,2,78,373700,270334
3737,2,77,373800,270411
3738,3,82,373900,270493
3739,2,82,374000,270575
3740,2,82,374100,270657
3741,3,85,374200,270742
3742,2,85,374300,270827
3743,2,81,374400,270908
3744,2,90,374500,270998
3745,3,86,374600,271084
3746,2,80,374700,271164
3747,2,86,374800,271250
3748,2,85,374900,271335
3749,3,81,375000,271416
3750,2,83,375100,271499
3751,2,81,375200,271580
3752,3,78,375300,271658
3753,2,87,375400,271745
3754,2,86,375500,271831
3755,2,84,375600,271915
3756,3,82,375700,271997
3757,2,80,375800,272077
3758,2,89,375900,272166
3759,3,79,376000,272245
3760,2,80,376100,272325
3761,2,77,376200,272402
3762,2,89,376300,272491
3763,2,85,376400,272576
3764,2,86,376500,272662
3765,3,89,376600,272751
3766,2,82,376700,272833
3767,2,77,376800,272910
3768,2,86,376900,272996
3769,3,79,377000,273075
3770,2,89,377100,273164
3771,2,83,377200,273247
3772,3,80,377300,273327
3773,2,90,377400,273417
3774,2,85,377500,273502
3775,2,86,377600,273588
3776,2,82,377700,273670
3777,2,84,377800,273754
3778,3,84,377900,273838
3779,2,78,378000,273916
3780,2,85,378100,274001
3781,2,79,378200,274080
3782,2,91,378300,274171
3783,3,85,378400,274256
3784,2,77,378500,274333
3785,2,84,378600,274417
3786,2,79,378700,274496
3787,2,81,378800,274577
3788,2,85,378900,274662
3789,2,87,379000,274749
3790,2,80,379100,274829
3791,2,81,379200,274910
3792,2,84,379300,274994
3793,2,81,379400,275075
3794,2,82,379500,275157
3795,2,82,379600,275239
3796,2,85,379700,275324
3797,2,86,379800,275410
3798,2,90,379900,275500
3799,4,85,380000,275585
3800,2,80,380100,275665
3801,2,80,380200,275745
3802,3,84,380300,275829
3803,2,78,380400,275907
3804,2,89,380500,275996
3805,2,85,380600,276081
3806,2,78,380700,276159
3807,2,86,380800,276245
3808,2,82,380900,276327
3809,2,74,381000,276401
3810,4,74,381100,276475
3811,2,83,381200,276558
3812,2,80,381300,276638
3813,2,73,381400,276711
3814,3,83,381500,276794
3815,2,82,381600,276876
3816,2,82,381700,276958
3817,2,90,381800,277048
3818,2,89,381900,277137
3819,2,82,382000,277219
3820,2,84,382100,277303
3821,3,72,382200,277375
3822,2,78,382300,277453
3823,2,80,382400,277533
3824,3,79,382500,277612
3825,3,82,382600,277694
3826,2,82,382700,277776
3827,3,81,382800,277857
3828,2,82,382900,277939
3829,2,81,383000,278020
3830,2,80,383100,278100
3831,2,80,383200,278180
3832,2,87,383300,278267
3833,3,84,383400,278351
3834,2,84,383500,278435
3835,2,88,383600,278523
3836,2,76,383700,278599
3837,2,90,383800,278689
3838,2,79,383900,278768
3839,5,80,384000,278848
3840,2,82,384100,278930
3841,3,83,384200,279013
3842,2,82,384300,279095
3843,2,78,384400,279173
3844,2,84,384500,279257
3845,2,82,384600,279339
3846,2,78,384700,279417
3847,2,86,384800,279503
3848,2,83,384900,279586
3849,2,79,385000,279665
3850,2,88,385100,279753
3851,3,87,385200,279840
3852,3,89,385300,279929
3853,2,82,385400,280011
3854,2,82,385500,280093
3855,2,82,385600,280175
3856,3,85,385700,280260
3857,4,82,385800,280342
3858,3,76,385900,280418
3859,2,85,386000,280503
3860,2,75,386100,280578
3861,2,71,386200,280649
3862,2,79,386300,280728
3863,2,73,386400,280801
3864,3,72,386500,280873
3865,2,75,386600,280948
3866,2,82,386700,281030
3867,2,72,386800,281102
3868,4,80,386900,281182
3869,2,82,387000,281264
3870,2,81,387100,281345
3871,2,81,387200,281426
3872,2,87,387300,281513
3873,2,87,387400,281600
3874,2,84,387500,281684
3875,2,77,387600,281761
3876,2,84,387700,281845
3877,2,80,387800,281925
3878,2,80,387900,282005
3879,2,78,388000,282083
3880,2,84,388100,282167
3881,2,83,388200,282250
3882,2,86,388300,282336
3883,2,83,388400,282419
3884,3,84,388500,282503
3885,3,82,388600,282585
3886,3,77,388700,282662
3887,2,81,388800,282743
3888,2,77,388900,282820
3889,2,82,389000,282902
3890,2,79,389100,282981
3891,2,87,389200,283068
3892,2,76,389300,283144
3893,2,79,389400,283223
3894,2,85,389500,283308
3895,2,89,389600,283397
3896,2,85,389700,283482
3897,3,85,389800,283567
3898,2,81,389900,283648
3899,2,73,390000,283721
3900,3,79,390100,283800
3901,4,81,390200,283881
3902,2,81,390300,283962
3903,3,80,390400,284042
3904,3,79,390500,284121
3905,3,83,390600,284204
3906,2,92,390700,284296
3907,2,85,390800,284381
3908,3,76,390900,284457
3909,3,85,391000,284542
3910,2,80,391100,284622
3911,2,84,391200,284706
3912,3,84,391300,284790
3913,2,74,391400,284864
3914,2,82,391500,284946
3915,2,81,391600,285027
3916,2,89,391700,285116
3917,2,71,391800,285187
3918,4,82,391900,285269
3919,2,83,392000,285352
3920,3,82,392100,285434
3921,2,83,392200,285517
3922,2,87,392300,285604
3923,2,87,392400,285691
3924,2,78,392500,285769
3925,2,85,392600,285854
3926,2,79,392700,285933
3927,2,81,392800,286014
3928,2,88,392900,286102
3929,2,81,393000,286183
3930,2,82,393100,286265
3931,3,83,393200,286348
3932,2,84,393300,286432
3933,2,79,393400,286511
3934,5,83,393500,286594
3935,3,85,393600,286679
3936,2,85,393700,286764
3937,3,81,393800,286845
3938,2,89,393900,286934
3939,5,86,394000,287020
3940,2,83,394100,287103
3941,2,79,394200,287182
3942,2,75,394300,287257
3943,2,80,394400,287337
3944,2,71,394500,287408
3945,3,82,394600,287490
3946,2,82,394700,287572
3947,2,89,394800,287661
3948,2,85,394900,287746
3949,3,91,395000,287837
3950,3,84,395100,287921
3951,3,82,395200,288003
3952,2,80,395300,288083
3953,2,89,395400,288172
3954,5,85,395500,288257
3955,5,83,395600,288340
3956,2,81,395700,288421
3957,2,85,395800,288506
3958,2,86,395900,288592
3959,5,78,396000,288670
3960,2,84,396100,288754
3961,3,75,396200,288829
3962,2,85,396300,288914
3963,3,83,396400,288997
3964,3,82,396500,289079
3965,2,76,396600,289155
3966,2,81,396700,289236
3967,2,80,396800,289316
3968,2,65,396900,289381
3969,6,83,397000,289464
3970,2,82,397100,289546
3971,2,81,397200,289627
3972,2,80,397300,289707
3973,2,81,397400,289788
3974,5,80,397500,289868
3975,6,84,397600,289952
3976,2,85,397700,290037
3977,3,80,397800,290117
3978,2,74,397900,290191
3979,4,89,398000,290280
3980,2,75,398100,290355
3981,5,78,398200,290433
3982,2,76,398300,290509
3983,2,80,398400,290589
3984,2,80,398500,290669
3985,2,83,398600,290752
3986,2,81,398700,290833
3987,2,87,398800,290920
3988,2,83,398900,291003
3989,4,82,399000,291085
3990,2,82,399100,291167
3991,2,89,399200,291256
3992,3,81,399300,291337
3993,2,79,399400,291416
3994,4,77,399500,291493
3995,3,85,399600,291578
3996,2,82,399700,291660
3997,2,78,399800,291738
3998,2,82,399900,291820
3999,2,77,400000,291897
4000,3,84,400100,291981
4001,2,86,400200,292067
4002,2,83,400300,292150
4003,3,76,400400,292226
4004,2,88,400500,292314
4005,4,87,400600,292401
4006,3,80,400700,292481
4007,3,84,400800,292565
4008,2,78,400900,292643
4009,2,81,401000,292724
4010,2,75,401100,292799
4011,2,85,401200,292884
4012,2,85,401300,292969
4013,2,81,401400,293050
4014,2,76,401500,293126
4015,3,70,401600,293196
4016,2,76,401700,293272
4017,2,78,401800,293350
4018,2,79,401900,293429
4019,3,79,402000,293508
4020,3,82,402100,293590
4021,2,80,402200,293670
4022,2,82,402300,293752
4023,2,75,402400,293827
4024,3,82,402500,293909
4025,2,80,402600,293989
4026,2,81,402700,294070
4027,2,87,402800,294157
4028,4,75,402900,294232
4029,2,85,403000,294317
4030,2,86,403100,294403
4031,3,86,403200,294489
4032,2,76,403300,294565
4033,2,72,403400,294637
4034,3,82,403500,294719
4035,2,79,403600,294798
4036,2,81,403700,294879
4037,3,80,403800,294959
4038,4,76,403900,295035
4039,2,86,404000,295121
4040,2,75,404100,295196
4041,2,79,404200,295275
4042,2,75,404300,295350
4043,3,76,404400,295426
4044,2,83,404500,295509
4045,2,87,404600,295596
4046,2,89,404700,295685
4047,2,85,404800,295770
4048,3,86,404900,295856
4049,2,84,405000,295940
4050,2,90,405100,296030
4051,2,83,405200,296113
4052,2,80,405300,296193
4053,3,84,405400,296277
4054,2,81,405500,296358
4055,2,84,405600,296442
4056,2,89,405700,296531
4057,4,77,405800,296608
4058,4,77,405900,296685
4059,2,78,406000,296763
4060,3,84,406100,296847
4061,4,82,406200,296929
4062,3,79,406300,297008
4063,2,89,406400,297097
4064,2,80,406500,297177
4065,3,79,406600,297256
4066,2,88,406700,297344
4067,2,90,406800,297434
4068,2,87,406900,297521
4069,2,81,407000,297602
4070,2,86,407100,297688
4071,2,80,407200,297768
4072,2,78,407300,297846
4073,3,81,407400,297927
4074,2,82,407500,298009
4075,2,80,407600,298089
4076,2,81,407700,298170
4077,4,86,407800,298256
4078,2,75,407900,298331
4079,2,81,408000,298412
4080,2,88,408100,298500
4081,2,81,408200,298581
4082,2,87,408300,298668
4083,2,82,408400,298750
4084,3,81,408500,298831
4085,2,79,408600,298910
4086,2,77,408700,298987
4087,2,79,408800,299066
4088,2,91,408900,299157
4089,2,79,409000,299236
4090,2,83,409100,299319
4091,2,86,409200,299405
4092,2,73,409300,299478
4093,2,74,409400,299552
4094,3,86,409500,299638
4095,3,80,409600,299718
4096,4,81,409700,299799
4097,3,87,409800,299886
4098,3,87,409900,299973
4099,2,85,410000,300058
4100,2,77,410100,300135
4101,2,90,410200,300225
4102,2,86,410300,300311
4103,2,81,410400,300392
4104,2,85,410500,300477
4105,2,77,410600,300554
4106,2,75,410700,300629
4107,3,80,410800,300709
4108,2,86,410900,300795
4109,4,79,411000,300874
4110,3,82,411100,300956
4111,2,82,411200,301038
4112,6,83,411300,301121
4113,2,83,411400,301204
4114,2,75,411500,301279
4115,2,77,411600,301356
4116,2,72,411700,301428
4117,4,77,411800,301505
4118,3,82,411900,301587
4119,4,84,412000,301671
4120,3,87,412100,301758
4121,2,75,412200,301833
4122,2,84,412300,301917
4123,3,83,412400,302000
4124,3,85,412500,302085
4125,2,77,412600,302162
4126,5,75,412700,302237
4127,2,77,412800,302314
4128,7,78,412900,302392
4129,3,76,413000,302468
4130,3,83,413100,302551
4131,4,80,413200,302631
4132,5,82,413300,302713
4133,2,75,413400,302788
4134,4,76,413500,302864
4135,7,83,413600,302947
4136,3,94,413700,303041
4137,2,83,413800,303124
4138,4,79,413900,303203
4139,2,79,414000,303282
4140,4,66,414100,303348
4141,3,80,414200,303428
4142,3,79,414300,303507
4143,3,75,414400,303582
4144,3,87,414500,303669
4145,2,78,414600,303747
4146,3,81,414700,303828
4147,2,83,414800,303911
4148,2,83,414900,303994
4149,2,76,415000,304070
4150,2,81,415100,304151
4151,3,82,415200,304233
4152,3,77,415300,304310
4153,3,77,415400,304387
4154,3,81,415500,304468
4155,2,81,415600,304549
4156,2,82,415700,304631
4157,2,68,415800,304699
4158,3,84,415900,304783
4159,4,93,416000,304876
4160,2,81,416100,304957
4161,2,83,416200,305040
4162,3,89,416300,305129
4163,3,77,416400,305206
4164,3,75,416500,305281
4165,4,87,416600,305368
4166,2,83,416700,305451
4167,2,76,416800,305527
4168,2,79,416900,305606
4169,2,84,417000,305690
4170,2,82,417100,305772
4171,2,83,417200,305855
4172,3,95,417300,305950
4173,3,80,417400,306030
4174,3,82,417500,306112
4175,2,79,417600,306191
4176,2,88,417700,306279
4177,2,76,417800,306355
4178,2,88,417900,306443
4179,2,83,418000,306526
4180,2,81,418100,306607
4181,2,81,418200,306688
4182,4,95,418300,306783
4183,2,79,418400,306862
4184,3,81,418500,306943
4185,2,83,418600,307026
4186,3,85,418700,307111
4187,2,79,418800,307190
4188,2,82,418900,307272
4189,3,87,419000,307359
4190,2,80,419100,307439
4191,2,79,419200,307518
4192,3,75,419300,307593
4193,2,82,419400,307675
4194,2,79,419500,307754
4195,3,82,419600,307836
4196,2,89,419700,307925
4197,2,86,419800,308011
4198,3,86,419900,308097
4199,3,89,420000,308186
4200,2,78,420100,308264
4201,2,77,420200,308341
4202,3,81,420300,308422
4203,3,85,420400,308507
4204,4,76,420500,308583
4205,2,84,420600,308667
4206,3,78,420700,308745
4207,2,83,420800,308828
4208,3,81,420900,308909
4209,2,87,421000,308996
4210,3,88,421100,309084
4211,2,83,421200,309167
4212,3,76,421300,309243
4213,2,88,421400,309331
4214,2,81,421500,309412
4215,2,78,421600,309490
4216,2,85,421700,309575
4217,2,90,421800,309665
4218,2,86,421900,309751
4219,2,79,422000,309830
4220,3,83,422100,309913
4221,2,81,422200,309994
4222,3,88,422300,310082
4223,2,90,422400,310172
4224,2,77,422500,310249
4225,2,76,422600,310325
4226,3,80,422700,310405
4227,2,83,422800,310488
4228,2,89,422900,310577
4229,2,87,423000,310664
4230,2,84,423100,310748
4231,2,89,423200,310837
4232,2,85,423300,310922
4233,2,86,423400,311008
4234,2,88,423500,311096
4235,2,81,423600,311177
4236,2,85,423700,311262
4237,2,79,423800,311341
4238,2,86,423900,311427
4239,2,83,424000,311510
4240,2,88,424100,311598
4241,4,82,424200,311680
4242,3,84,424300,311764
4243,2,88,424400,311852
4244,2,89,424500,311941
4245,2,85,424600,312026
4246,2,82,424700,312108
4247,2,83,424800,312191
4248,3,81,424900,312272
4249,2,81,425000,312353
4250,3,83,425100,312436
4251,2,87,425200,312523
4252,3,81,425300,312604
4253,2,79,425400,312683
4254,2,80,425500,312763
4255,3,87,425600,312850
4256,5,80,425700,312930
4257,3,77,425800,313007
4258,4,79,425900,313086
4259,2,71,426000,313157
4260,2,82,426100,313239
4261,2,86,426200,313325
4262,4,80,426300,313405
4263,4,81,426400,313486
4264,2,82,426500,313568
4265,2,85,426600,313653
4266,2,80,426700,313733
4267,2,86,426800,313819
4268,3,79,426900,313898
4269,3,85,427000,313983
4270,2,84,427100,314067
4271,2,86,427200,314153
4272,3,81,427300,314234
4273,3,78,427400,314312
4274,2,78,427500,314390
4275,2,81,427600,314471
4276,2,79,427700,314550
4277,3,81,427800,314631
4278,4,85,427900,314716
4279,2,83,428000,314799
4280,2,82,428100,314881
4281,2,81,428200,314962
4282,2,82,428300,315044
4283,2,86,428400,315130
4284,3,77,428500,315207
4285,2,78,428600,315285
4286,2,86,428700,315371
4287,2,83,428800,315454
4288,3,78,428900,315532
4289,2,80,429000,315612
4290,2,84,429100,315696
4291,2,89,429200,315785
4292,4,74,429300,315859
4293,2,87,429400,315946
4294,3,80,429500,316026
4295,2,86,429600,316112
4296,2,77,429700,316189
4297,2,84,429800,316273
4298,2,82,429900,316355
4299,2,91,430000,316446
4300,3,84,430100,316530
4301,2,84,430200,316614
4302,2,84,430300,316698
4303,2,85,430400,316783
4304,2,86,430500,316869
4305,3,81,430600,316950
4306,3,81,430700,317031
4307,4,82,430800,317113
4308,3,84,430900,317197
4309,3,88,431000,317285
4310,4,86,431100,317371
4311,3,82,431200,317453
4312,2,88,431300,317541
4313,2,81,431400,317622
4314,2,79,431500,317701
4315,2,87,431600,317788
4316,2,82,431700,317870
4317,3,78,431800,317948
4318,2,84,431900,318032
4319,5,88,432000,318120
4320,2,86,432100,318206
4321,3,87,432200,318293
4322,2,84,432300,318377
4323,2,82,432400,318459
4324,2,89,432500,318548
4325,2,84,432600,318632
4326,2,91,432700,318723
4327,4,73,432800,318796
4328,3,80,432900,318876
4329,2,84,433000,318960
4330,3,83,433100,319043
4331,3,84,433200,319127
4332,4,83,433300,319210
4333,2,81,433400,319291
4334,3,81,433500,319372
4335,2,85,433600,319457
4336,2,78,433700,319535
4337,2,89,433800,319624
4338,3,74,433900,319698
4339,2,88,434000,319786
4340,3,84,434100,319870
4341,2,81,434200,319951
4342,2,91,434300,320042
4343,2,86,434400,320128
4344,2,88,434500,320216
4345,4,87,434600,320303
4346,3,83,434700,320386
4347,2,77,434800,320463
4348,4,86,434900,320549
4349,2,83,435000,320632
4350,2,76,435100,320708
4351,3,78,435200,320786
4352,2,75,435300,320861
4353,2,82,435400,320943
4354,3,86,435500,321029
4355,3,80,435600,321109
4356,4,83,435700,321192
4357,2,81,435800,321273
4358,2,85,435900,321358
4359,2,79,436000,321437
4360,3,80,436100,321517
4361,3,87,436200,321604
4362,2,81,436300,321685
4363,3,85,436400,321770
4364,3,83,436500,321853
4365,2,86,436600,321939
4366,2,89,436700,322028
4367,2,71,436800,322099
4368,2,81,436900,322180
4369,2,74,437000,322254
4370,3,81,437100,322335
4371,2,77,437200,322412
4372,2,83,437300,322495
4373,2,78,437400,322573
4374,2,85,437500,322658
4375,2,78,437600,322736
4376,2,84,437700,322820
4377,2,84,437800,322904
4378,2,84,437900,322988
4379,2,85,438000,323073
4380,2,85,438100,323158
4381,3,76,438200,323234
4382,3,85,438300,323319
4383,2,89,438400,323408
4384,2,85,438500,323493
4385,2,82,438600,323575
4386,2,83,438700,323658
4387,2,81,438800,323739
4388,3,84,438900,323823
4389,4,86,439000,323909
4390,4,86,439100,323995
4391,4,82,439200,324077
4392,2,83,439300,324160
4393,2,88,439400,324248
4394,2,83,439500,324331
4395,2,87,439600,324418
4396,2,83,439700,324501
4397,2,78,439800,324579
4398,2,82,439900,324661
4399,2,85,440000,324746
4400,2,79,440100,324825
4401,3,86,440200,324911
4402,2,84,440300,324995
4403,3,85,440400,325080
4404,3,86,440500,325166
4405,2,88,440600,325254
4406,2,89,440700,325343
4407,2,83,440800,325426
4408,3,82,440900,325508
4409,4,78,441000,325586
4410,2,83,441100,325669
4411,2,89,441200,325758
4412,3,87,441300,325845
4413,2,83,441400,325928
4414,3,84,441500,326012
4415,3,84,441600,326096
4416,2,84,441700,326180
4417,2,83,441800,326263
4418,2,80,441900,326343
4419,2,84,442000,326427
4420,2,83,442100,326510
4421,2,83,442200,326593
4422,2,85,442300,326678
4423,3,90,442400,326768
4424,2,86,442500,326854
4425,2,77,442600,326931
4426,2,88,442700,327019
4427,2,78,442800,327097
4428,4,83,442900,327180
4429,3,85,443000,327265
4430,2,82,443100,327347
4431,2,91,443200,327438
4432,3,73,443300,327511
4433,2,74,443400,327585
4434,2,84,443500,327669
4435,2,82,443600,327751
4436,3,82,443700,327833
4437,3,76,443800,327909
4438,2,85,443900,327994
4439,2,91,444000,328085
4440,2,73,444100,328158
4441,2,79,444200,328237
4442,2,72,444300,328309
4443,2,82,444400,328391
4444,2,82,444500,328473
4445,3,87,444600,328560
4446,2,79,444700,328639
4447,2,87,444800,328726
4448,3,86,444900,328812
4449,3,90,445000,328902
4450,2,73,445100,328975
4451,4,84,445200,329059
4452,3,86,445300,329145
4453,3,84,445400,329229
4454,2,79,445500,329308
4455,3,85,445600,329393
4456,2,86,445700,329479
4457,3,88,445800,329567
4458,2,85,445900,329652
4459,3,86,446000,329738
4460,2,77,446100,329815
4461,3,89,446200,329904
4462,2,83,446300,329987
4463,2,86,446400,330073
4464,2,79,446500,330152
4465,2,80,446600,330232
4466,2,82,446700,330314
4467,3,89,446800,330403
4468,3,85,446900,330488
4469,2,86,447000,330574
4470,2,76,447100,330650
4471,2,81,447200,330731
4472,2,80,447300,330811
4473,3,85,447400,330896
4474,2,79,447500,330975
4475,4,83,447600,331058
4476,2,79,447700,331137
4477,4,80,447800,331217
4478,2,90,447900,331307
4479,3,84,448000,331391
4480,2,82,448100,331473
4481,2,75,448200,331548
4482,2,88,448300,331636
4483,4,87,448400,331723
4484,3,84,448500,331807
4485,2,87,448600,331894
4486,2,81,448700,331975
4487,2,85,448800,332060
4488,3,87,448900,332147
4489,4,88,449000,332235
4490,3,88,449100,332323
4491,2,86,449200,332409
4492,3,86,449300,332495
4493,2,85,449400,332580
4494,2,79,449500,332659
4495,3,78,449600,332737
4496,3,82,449700,332819
4497,2,86,449800,332905
4498,2,86,449900,332991
4499,2,82,450000,333073
4500,3,82,450100,333155
4501,2,88,450200,333243
4502,4,82,450300,333325
4503,2,84,450400,333409
4504,3,82,450500,333491
4505,2,88,450600,333579
4506,4,86,450700,333665
4507,2,84,450800,333749
4508,2,89,450900,333838
4509,4,84,451000,333922
4510,4,83,451100,334005
4511,2,84,451200,334089
4512,2,49,451300,334138
4513,4,76,451400,334214
4514,2,83,451500,334297
4515,2,86,451600,334383
4516,2,82,451700,334465
4517,3,82,451800,334547
4518,2,85,451900,334632
4519,2,86,452000,334718
4520,2,86,452100,334804
4521,3,85,452200,334889
4522,4,81,452300,334970
4523,2,88,452400,335058
4524,3,86,452500,335144
4525,2,82,452600,335226
4526,2,91,452700,335317
4527,3,80,452800,335397
4528,2,88,452900,335485
4529,2,86,453000,335571
4530,2,84,453100,335655
4531,3,60,453200,335715
4532,3,66,453300,335781
4533,2,87,453400,335868
4534,4,85,453500,335953
4535,2,80,453600,336033
4536,3,87,453700,336120
4537,2,77,453800,336197
4538,3,87,453900,336284
4539,3,85,454000,336369
4540,2,88,454100,336457
4541,2,87,454200,336544
4542,3,89,454300,336633
4543,3,86,454400,336719
4544,2,87,454500,336806
4545,2,87,454600,336893
4546,2,85,454700,336978
4547,2,78,454800,337056
4548,4,81,454900,337137
4549,2,89,455000,337226
4550,2,76,455100,337302
4551,2,73,455200,337375
4552,2,79,455300,337454
4553,3,81,455400,337535
4554,2,84,455500,337619
4555,3,87,455600,337706
4556,2,74,455700,337780
4557,3,81,455800,337861
4558,2,83,455900,337944
4559,3,88,456000,338032
4560,2,83,456100,338115
4561,4,89,456200,338204
4562,2,85,456300,338289
4563,3,79,456400,338368
4564,2,93,456500,338461
4565,2,79,456600,338540
4566,2,87,456700,338627
4567,2,72,456800,338699
4568,3,86,456900,338785
4569,2,85,457000,338870
4570,2,82,457100,338952
4571,2,85,457200,339037
4572,2,73,457300,339110
4573,2,81,457400,339191
4574,2,82,457500,339273
4575,2,77,457600,339350
4576,3,83,457700,339433
4577,3,85,457800,339518
4578,2,83,457900,339601
4579,3,86,458000,339687
4580,3,82,458100,339769
4581,2,87,458200,339856
4582,3,83,458300,339939
4583,2,80,458400,340019
4584,2,80,458500,340099
4585,2,86,458600,340185
4586,4,81,458700,340266
4587,2,78,458800,340344
4588,2,80,458900,340424
4589,2,87,459000,340511
4590,2,82,459100,340593
4591,2,70,459200,340663
4592,2,58,459300,340721
4593,3,81,459400,340802
4594,3,83,459500,340885
4595,3,61,459600,340946
4596,3,65,459700,341011
4597,2,76,459800,341087
4598,2,79,459900,341166
4599,2,78,460000,341244
4600,2,57,460100,341301
4601,3,83,460200,341384
4602,2,77,460300,341461
4603,3,81,460400,341542
4604,3,87,460500,341629
4605,2,89,460600,341718
4606,2,85,460700,341803
4607,3,80,460800,341883
4608,2,82,460900,341965
4609,2,89,461000,342054
4610,2,89,461100,342143
4611,3,87,461200,342230
4612,2,85,461300,342315
4613,2,76,461400,342391
4614,2,80,461500,342471
4615,2,83,461600,342554
4616,2,93,461700,342647
4617,2,84,461800,342731
4618,2,88,461900,342819
4619,2,59,462000,342878
4620,2,78,462100,342956
4621,2,76,462200,343032
4622,2,81,462300,343113
4623,2,82,462400,343195
4624,2,85,462500,343280
4625,3,34,462600,343314
4626,2,87,462700,343401
4627,3,90,462800,343491
4628,2,80,462900,343571
4629,3,82,463000,343653
4630,2,85,463100,343738
4631,3,82,463200,343820
4632,2,85,463300,343905
4633,2,76,463400,343981
4634,2,85,463500,344066
4635,2,82,463600,344148
4636,2,83,463700,344231
4637,3,82,463800,344313
4638,2,85,463900,344398
4639,2,78,464000,344476
4640,3,89,464100,344565
4641,3,86,464200,344651
4642,2,84,464300,344735
4643,4,78,464400,344813
4644,3,86,464500,344899
4645,2,85,464600,344984
4646,2,88,464700,345072
4647,2,84,464800,345156
4648,2,90,464900,345246
4649,3,89,465000,345335
4650,2,84,465100,345419
4651,2,87,465200,345506
4652,4,85,465300,345591
4653,3,84,465400,345675
4654,2,83,465500,345758
4655,2,81,465600,345839
4656,2,85,465700,345924
4657,2,79,465800,346003
4658,3,75,465900,346078
4659,2,68,466000,346146
4660,2,89,466100,346235
4661,2,75,466200,346310
4662,3,83,466300,346393
4663,2,78,466400,346471
4664,2,86,466500,346557
4665,2,87,466600,346644
4666,4,80,466700,346724
4667,2,85,466800,346809
4668,3,87,466900,346896
4669,2,86,467000,346982
4670,4,88,467100,347070
4671,2,83,467200,347153
4672,2,78,467300,347231
4673,2,79,467400,347310
4674,2,76,467500,347386
4675,2,79,467600,347465
4676,2,82,467700,347547
4677,3,89,467800,347636
4678,3,90,467900,347726
4679,2,89,468000,347815
4680,2,81,468100,347896
4681,2,73,468200,347969
4682,2,78,468300,348047
4683,4,80,468400,348127
4684,2,81,468500,348208
4685,2,73,468600,348281
4686,2,79,468700,348360
4687,2,87,468800,348447
4688,2,84,468900,348531
4689,2,85,469000,348616
4690,2,81,469100,348697
4691,2,81,469200,348778
4692,2,90,469300,348868
4693,2,82,469400,348950
4694,2,85,469500,349035
4695,4,81,469600,349116
4696,4,74,469700,349190
4697,3,84,469800,349274
4698,4,84,469900,349358
4699,2,82,470000,349440
4700,2,84,470100,349524
4701,2,87,470200,349611
4702,2,81,470300,349692
4703,2,83,470400,349775
4704,2,87,470500,349862
4705,2,80,470600,349942
4706,3,89,470700,350031
4707,5,89,470800,350120
4708,2,88,470900,350208
4709,3,82,471000,350290
4710,2,84,471100,350374
4711,2,86,471200,350460
4712,2,86,471300,350546
4713,2,79,471400,350625
4714,2,88,471500,350713
4715,3,81,471600,350794
4716,2,82,471700,350876
4717,2,79,471800,350955
4718,2,79,471900,351034
4719,2,82,472000,351116
4720,2,81,472100,351197
4721,2,86,472200,351283
4722,3,78,472300,351361
4723,2,78,472400,351439
4724,2,84,472500,351523
4725,2,90,472600,351613
4726,2,81,472700,351694
4727,2,77,472800,351771
4728,4,76,472900,351847
4729,3,84,473000,351931
4730,3,82,473100,352013
4731,2,84,473200,352097
4732,2,83,473300,352180
4733,5,83,473400,352263
4734,2,85,473500,352348
4735,2,81,473600,352429
4736,3,81,473700,352510
4737,3,83,473800,352593
4738,2,89,473900,352682
4739,3,83,474000,352765
4740,2,78,474100,352843
4741,2,88,474200,352931
4742,4,81,474300,353012
4743,3,76,474400,353088
4744,2,83,474500,353171
4745,2,85,474600,353256
4746,2,83,474700,353339
4747,2,84,474800,353423
4748,2,80,474900,353503
4749,3,82,475000,353585
4750,3,88,475100,353673
4751,2,89,475200,353762
4752,2,80,475300,353842
4753,2,82,475400,353924
4754,4,78,475500,354002
4755,2,84,475600,354086
4756,5,92,475700,354178
4757,3,77,475800,354255
4758,2,81,475900,354336
4759,3,78,476000,354414
4760,2,82,476100,354496
4761,2,81,476200,354577
4762,2,88,476300,354665
4763,2,87,476400,354752
4764,2,82,476500,354834
4765,2,82,476600,354916
4766,3,82,476700,354998
4767,2,77,476800,355075
4768,3,81,476900,355156
4769,3,78,477000,355234
4770,2,91,477100,355325
4771,2,81,477200,355406
4772,2,81,477300,355487
4773,2,79,477400,355566
4774,2,85,477500,355651
4775,2,81,477600,355732
4776,2,82,477700,355814
4777,3,79,477800,355893
4778,2,84,477900,355977
4779,2,88,478000,356065
4780,2,83,478100,356148
4781,2,83,478200,356231
4782,6,85,478300,356316
4783,2,87,478400,356403
4784,2,82,478500,356485
4785,2,86,478600,356571
4786,2,83,478700,356654
4787,3,85,478800,356739
4788,2,83,478900,356822
4789,2,82,479000,356904
4790,4,79,479100,356983
4791,2,84,479200,357067
4792,3,83,479300,357150
4793,2,79,479400,357229
4794,2,85,479500,357314
4795,4,84,479600,357398
4796,2,95,479700,357493
4797,2,86,479800,357579
4798,2,83,479900,357662
4799,2,79,480000,357741
4800,2,86,480100,357827
4801,2,80,480200,357907
4802,2,88,480300,357995
4803,2,88,480400,358083
4804,2,79,480500,358162
4805,2,85,480600,358247
4806,2,75,480700,358322
4807,2,82,480800,358404
4808,2,86,480900,358490
4809,2,84,481000,358574
4810,2,77,481100,358651
4811,3,83,481200,358734
4812,3,86,481300,358820
4813,2,78,481400,358898
4814,2,84,481500,358982
4815,2,83,481600,359065
4816,2,82,481700,359147
4817,4,89,481800,359236
4818,2,83,481900,359319
4819,2,79,482000,359398
4820,2,81,482100,359479
4821,4,79,482200,359558
4822,3,78,482300,359636
4823,2,82,482400,359718
4824,2,83,482500,359801
4825,2,84,482600,359885
4826,2,86,482700,359971
4827,2,86,482800,360057
4828,2,87,482900,360144
4829,2,79,483000,360223
4830,3,79,483100,360302
4831,3,83,483200,360385
4832,5,78,483300,360463
4833,2,82,483400,360545
4834,5,80,483500,360625
4835,2,81,483600,360706
4836,5,86,483700,360792
4837,4,85,483800,360877
4838,2,86,483900,360963
4839,2,85,484000,361048
4840,2,83,484100,361131
4841,2,82,484200,361213
4842,5,86,484300,361299
4843,4,86,484400,361385
4844,4,82,484500,361467
4845,2,84,484600,361551
4846,3,82,484700,361633
4847,4,76,484800,361709
4848,3,79,484900,361788
4849,4,82,485000,361870
4850,5,83,485100,361953
4851,5,78,485200,362031
4852,5,86,485300,362117
4853,2,82,485400,362199
4854,3,87,485500,362286
4855,3,82,485600,362368
4856,2,82,485700,362450
4857,4,81,485800,362531
4858,4,87,485900,362618
4859,2,86,486000,362704
4860,2,82,486100,362786
4861,2,80,486200,362866
4862,3,82,486300,362948
4863,5,83,486400,363031
4864,2,88,486500,363119
4865,5,84,486600,363203
4866,4,84,486700,363287
4867,4,87,486800,363374
4868,2,92,486900,363466
4869,2,82,487000,363548
4870,5,82,487100,363630
4871,2,76,487200,363706
4872,2,76,487300,363782
4873,3,80,487400,363862
4874,2,79,487500,363941
4875,3,82,487600,364023
4876,3,83,487700,364106
4877,2,90,487800,364196
4878,2,84,487900,364280
4879,2,78,488000,364358
4880,3,76,488100,364434
4881,4,78,488200,364512
4882,6,80,488300,364592
4883,3,79,488400,364671
4884,3,74,488500,364745
4885,2,89,488600,364834
4886,6,77,488700,364911
4887,6,81,488800,364992
4888,5,84,488900,365076
4889,2,87,489000,365163
4890,4,82,489100,365245
4891,6,87,489200,365332
4892,3,81,489300,365413
4893,3,86,489400,365499
4894,3,82,489500,365581
4895,3,86,489600,365667
4896,3,86,489700,365753
4897,2,86,489800,365839
4898,3,86,489900,365925
4899,3,84,490000,366009
4900,2,85,490100,366094
4901,3,91,490200,366185
4902,2,88,490300,366273
4903,3,91,490400,366364
4904,2,86,490500,366450
4905,2,85,490600,366535
4906,2,81,490700,366616
4907,2,79,490800,366695
4908,2,85,490900,366780
4909,2,82,491000,366862
4910,2,83,491100,366945
4911,3,81,491200,367026
4912,2,78,491300,367104
4913,2,80,491400,367184
4914,3,80,491500,367264
4915,2,75,491600,367339
4916,2,80,491700,367419
4917,2,87,491800,367506
4918,2,87,491900,367593
4919,2,83,492000,367676
4920,2,84,492100,367760
4921,2,79,492200,367839
4922,2,85,492300,367924
4923,2,85,492400,368009
4924,2,84,492500,368093
4925,3,89,492600,368182
4926,2,81,492700,368263
4927,2,73,492800,368336
4928,2,77,492900,368413
4929,2,79,493000,368492
4930,2,78,493100,368570
4931,3,85,493200,368655
4932,3,89,493300,368744
4933,2,86,493400,368830
4934,2,75,493500,368905
4935,2,73,493600,368978
4936,2,85,493700,369063
4937,2,69,493800,369132
4938,2,74,493900,369206
4939,3,76,494000,369282
4940,4,83,494100,369365
4941,2,84,494200,369449
4942,2,85,494300,369534
4943,2,82,494400,369616
4944,2,74,494500,369690
4945,3,88,494600,369778
4946,2,88,494700,369866
4947,2,85,494800,369951
4948,2,85,494900,370036
4949,4,85,495000,370121
4950,2,81,495100,370202
4951,2,87,495200,370289
4952,2,82,495300,370371
4953,3,80,495400,370451
4954,2,83,495500,370534
4955,2,78,495600,370612
4956,2,76,495700,370688
4957,3,82,495800,370770
4958,2,79,495900,370849
4959,3,82,496000,370931
4960,2,86,496100,371017
4961,2,80,496200,371097
4962,4,82,496300,371179
4963,2,84,496400,371263
4964,2,84,496500,371347
4965,3,75,496600,371422
4966,2,86,496700,371508
4967,2,87,496800,371595
4968,3,82,496900,371677
4969,2,84,497000,371761
4970,2,88,497100,371849
4971,3,86,497200,371935
4972,2,82,497300,372017
4973,2,74,497400,372091
4974,2,86,497500,372177
4975,2,79,497600,372256
4976,3,82,497700,372338
4977,2,81,497800,372419
4978,2,82,497900,372501
4979,3,73,498000,372574
4980,2,79,498100,372653
4981,2,83,498200,372736
4982,3,81,498300,372817
4983,2,80,498400,372897
4984,3,86,498500,372983
4985,2,85,498600,373068
4986,2,86,498700,373154
4987,2,85,498800,373239
4988,4,91,498900,373330
4989,2,87,499000,373417
4990,2,86,499100,373503
4991,2,86,499200,373589
4992,2,83,499300,373672
4993,2,85,499400,373757
4994,2,82,499500,373839
4995,2,80,499600,373919
4996,2,88,499700,374007
4997,2,92,499800,374099
4998,4,82,499900,374181
4999,2,91,500000,374272
5000,2,87,500100,374359
5001,3,91,500200,374450
5002,2,77,500300,374527
5003,3,79,500400,374606
5004,3,87,500500,374693
5005,2,81,500600,374774
5006,2,82,500700,374856
5007,2,84,500800,374940
5008,2,86,500900,375026
5009,3,92,501000,375118
5010,3,80,501100,375198
5011,2,85,501200,375283
5012,2,86,501300,375369
5013,3,86,501400,375455
5014,2,82,501500,375537
5015,2,78,501600,375615
5016,2,84,501700,375699
5017,2,79,501800,375778
5018,3,88,501900,375866
5019,2,84,502000,375950
5020,3,88,502100,376038
5021,2,80,502200,376118
5022,2,81,502300,376199
5023,2,82,502400,376281
5024,2,80,502500,376361
5025,3,87,502600,376448
5026,2,84,502700,376532
5027,2,86,502800,376618
5028,2,85,502900,376703
5029,2,88,503000,376791
5030,3,89,503100,376880
5031,2,80,503200,376960
5032,2,83,503300,377043
5033,2,82,503400,377125
5034,3,90,503500,377215
5035,2,83,503600,377298
5036,3,87,503700,377385
5037,3,92,503800,377477
5038,2,86,503900,377563
5039,3,80,504000,377643
5040,2,87,504100,377730
5041,2,84,504200,377814
5042,3,87,504300,377901
5043,2,81,504400,377982
5044,2,85,504500,378067
5045,2,79,504600,378146
5046,3,81,504700,378227
5047,2,83,504800,378310
5048,2,86,504900,378396
5049,3,78,505000,378474
5050,3,87,505100,378561
5051,2,74,505200,378635
5052,3,87,505300,378722
5053,3,79,505400,378801
5054,4,82,505500,378883
5055,3,86,505600,378969
5056,4,82,505700,379051
5057,2,83,505800,379134
5058,4,77,505900,379211
5059,4,73,506000,379284
5060,3,80,506100,379364
5061,2,84,506200,379448
5062,2,90,506300,379538
5063,2,78,506400,379616
5064,2,83,506500,379699
5065,2,75,506600,379774
5066,2,77,506700,379851
5067,2,85,506800,379936
5068,2,87,506900,380023
5069,2,82,507000,380105
5070,2,79,507100,380184
5071,3,85,507200,380269
5072,3,78,507300,380347
5073,2,82,507400,380429
5074,2,85,507500,380514
5075,4,83,507600,380597
5076,2,88,507700,380685
5077,2,80,507800,380765
5078,3,87,507900,380852
5079,3,83,508000,380935
5080,3,84,508100,381019
5081,2,88,508200,381107
5082,3,79,508300,381186
5083,2,86,508400,381272
5084,2,86,508500,381358
5085,3,84,508600,381442
5086,3,91,508700,381533
5087,4,83,508800,381616
5088,2,86,508900,381702
5089,2,91,509000,381793
5090,2,90,509100,381883
5091,2,78,509200,381961
5092,3,74,509300,382035
