,Clusters,RTs,Total_tweets,CumRT
0,2,52,100,52
1,2,55,200,107
2,2,48,300,155
3,3,48,400,203
4,2,54,500,257
5,2,47,600,304
6,2,46,700,350
7,3,51,800,401
8,3,53,900,454
9,2,49,1000,503
10,2,56,1100,559
11,2,42,1200,601
12,2,48,1300,649
13,2,45,1400,694
14,3,47,1500,741
15,3,54,1600,795
16,2,39,1700,834
17,2,56,1800,890
18,2,44,1900,934
19,2,54,2000,988
20,4,58,2100,1046
21,2,46,2200,1092
22,3,54,2300,1146
23,3,48,2400,1194
24,2,52,2500,1246
25,2,50,2600,1296
26,2,48,2700,1344
27,2,63,2800,1407
28,3,57,2900,1464
29,2,51,3000,1515
30,2,55,3100,1570
31,2,46,3200,1616
32,2,52,3300,1668
33,4,55,3400,1723
34,2,52,3500,1775
35,3,50,3600,1825
36,3,43,3700,1868
37,2,37,3800,1905
38,3,53,3900,1958
39,3,54,4000,2012
40,2,58,4100,2070
41,2,49,4200,2119
42,2,45,4300,2164
43,2,49,4400,2213
44,5,54,4500,2267
45,3,46,4600,2313
46,2,46,4700,2359
47,4,48,4800,2407
48,2,54,4900,2461
49,2,48,5000,2509
50,3,52,5100,2561
51,2,48,5200,2609
52,2,55,5300,2664
53,2,45,5400,2709
54,3,48,5500,2757
55,2,43,5600,2800
56,2,46,5700,2846
57,3,52,5800,2898
58,4,52,5900,2950
59,2,53,6000,3003
60,2,48,6100,3051
61,2,46,6200,3097
62,2,45,6300,3142
63,3,42,6400,3184
64,2,48,6500,3232
65,3,51,6600,3283
66,2,49,6700,3332
67,2,46,6800,3378
68,3,47,6900,3425
69,2,32,7000,3457
70,3,51,7100,3508
71,3,49,7200,3557
72,7,50,7300,3607
73,4,41,7400,3648
74,3,51,7500,3699
75,3,49,7600,3748
76,4,51,7700,3799
77,4,53,7800,3852
78,2,43,7900,3895
79,2,58,8000,3953
80,2,54,8100,4007
81,4,47,8200,4054
82,2,52,8300,4106
83,2,46,8400,4152
84,7,45,8500,4197
85,2,46,8600,4243
86,4,48,8700,4291
87,4,51,8800,4342
88,2,47,8900,4389
89,4,43,9000,4432
90,2,46,9100,4478
91,3,39,9200,4517
92,4,41,9300,4558
93,3,46,9400,4604
94,2,37,9500,4641
95,2,39,9600,4680
96,5,43,9700,4723
97,2,41,9800,4764
98,2,49,9900,4813
99,3,41,10000,4854
100,3,47,10100,4901
101,4,52,10200,4953
102,2,44,10300,4997
103,5,51,10400,5048
104,3,58,10500,5106
105,3,45,10600,5151
106,3,61,10700,5212
107,3,50,10800,5262
108,2,39,10900,5301
109,3,44,11000,5345
110,4,54,11100,5399
111,6,48,11200,5447
112,2,47,11300,5494
113,5,46,11400,5540
114,2,55,11500,5595
115,4,43,11600,5638
116,5,48,11700,5686
117,2,45,11800,5731
118,2,35,11900,5766
119,2,46,12000,5812
120,2,44,12100,5856
121,3,41,12200,5897
122,2,46,12300,5943
123,6,45,12400,5988
124,3,49,12500,6037
125,5,41,12600,6078
126,4,60,12700,6138
127,3,47,12800,6185
128,6,49,12900,6234
129,5,45,13000,6279
130,2,37,13100,6316
131,2,48,13200,6364
132,3,48,13300,6412
133,2,48,13400,6460
134,3,52,13500,6512
135,2,57,13600,6569
136,4,52,13700,6621
137,2,51,13800,6672
138,2,44,13900,6716
139,4,37,14000,6753
140,3,46,14100,6799
141,2,53,14200,6852
142,3,48,14300,6900
143,5,53,14400,6953
144,2,59,14500,7012
145,2,60,14600,7072
146,4,50,14700,7122
147,2,59,14800,7181
148,2,49,14900,7230
149,4,45,15000,7275
150,3,55,15100,7330
151,3,51,15200,7381
152,4,43,15300,7424
153,2,53,15400,7477
154,2,52,15500,7529
155,2,44,15600,7573
156,2,52,15700,7625
157,6,46,15800,7671
158,6,54,15900,7725
159,2,45,16000,7770
160,2,47,16100,7817
161,3,57,16200,7874
162,3,51,16300,7925
163,2,40,16400,7965
164,2,57,16500,8022
165,2,56,16600,8078
166,2,56,16700,8134
167,2,55,16800,8189
168,2,54,16900,8243
169,4,67,17000,8310
170,3,48,17100,8358
171,2,57,17200,8415
172,2,53,17300,8468
173,2,45,17400,8513
174,3,45,17500,8558
175,2,59,17600,8617
176,3,61,17700,8678
177,3,51,17800,8729
178,2,53,17900,8782
179,2,57,18000,8839
180,4,52,18100,8891
181,3,53,18200,8944
182,2,53,18300,8997
183,2,57,18400,9054
184,2,59,18500,9113
185,3,60,18600,9173
186,2,70,18700,9243
187,2,55,18800,9298
188,3,57,18900,9355
189,3,62,19000,9417
190,2,65,19100,9482
191,2,54,19200,9536
192,2,57,19300,9593
193,3,67,19400,9660
194,2,56,19500,9716
195,2,54,19600,9770
196,2,60,19700,9830
197,2,64,19800,9894
198,4,58,19900,9952
199,4,60,20000,10012
200,3,62,20100,10074
201,2,59,20200,10133
202,2,48,20300,10181
203,3,51,20400,10232
204,2,57,20500,10289
205,3,61,20600,10350
206,3,58,20700,10408
207,2,58,20800,10466
208,5,54,20900,10520
209,4,63,21000,10583
210,2,55,21100,10638
211,3,52,21200,10690
212,2,64,21300,10754
213,3,55,21400,10809
214,2,64,21500,10873
215,2,59,21600,10932
216,3,53,21700,10985
217,2,52,21800,11037
218,3,49,21900,11086
219,2,59,22000,11145
220,4,58,22100,11203
221,2,56,22200,11259
222,5,55,22300,11314
223,3,62,22400,11376
224,2,62,22500,11438
225,4,59,22600,11497
226,2,64,22700,11561
227,4,65,22800,11626
228,2,66,22900,11692
229,4,60,23000,11752
230,2,70,23100,11822
231,6,63,23200,11885
232,3,59,23300,11944
233,2,62,23400,12006
234,2,61,23500,12067
235,2,61,23600,12128
236,2,64,23700,12192
237,6,65,23800,12257
238,2,67,23900,12324
239,2,55,24000,12379
240,2,62,24100,12441
241,5,60,24200,12501
242,2,61,24300,12562
243,2,63,24400,12625
244,2,54,24500,12679
245,3,56,24600,12735
246,2,64,24700,12799
247,3,62,24800,12861
248,2,50,24900,12911
249,2,61,25000,12972
250,4,61,25100,13033
251,2,55,25200,13088
252,4,55,25300,13143
253,2,50,25400,13193
254,4,54,25500,13247
255,2,53,25600,13300
256,2,50,25700,13350
257,2,49,25800,13399
258,3,47,25900,13446
259,7,55,26000,13501
260,3,53,26100,13554
261,3,48,26200,13602
262,2,51,26300,13653
263,2,42,26400,13695
264,4,46,26500,13741
265,3,51,26600,13792
266,2,50,26700,13842
267,2,57,26800,13899
268,4,52,26900,13951
269,2,55,27000,14006
270,2,57,27100,14063
271,3,62,27200,14125
272,3,45,27300,14170
273,3,53,27400,14223
274,3,46,27500,14269
275,4,54,27600,14323
276,5,59,27700,14382
277,3,50,27800,14432
278,2,51,27900,14483
279,5,54,28000,14537
280,3,53,28100,14590
281,4,70,28200,14660
282,2,57,28300,14717
283,6,50,28400,14767
284,5,62,28500,14829
285,2,60,28600,14889
286,3,58,28700,14947
287,4,57,28800,15004
288,6,66,28900,15070
289,3,69,29000,15139
290,6,66,29100,15205
291,3,66,29200,15271
292,2,61,29300,15332
293,3,55,29400,15387
294,2,63,29500,15450
295,2,62,29600,15512
296,2,60,29700,15572
297,3,71,29800,15643
298,4,61,29900,15704
299,3,54,30000,15758
300,2,58,30100,15816
301,3,56,30200,15872
302,3,61,30300,15933
303,3,62,30400,15995
304,2,63,30500,16058
305,3,65,30600,16123
306,2,55,30700,16178
307,2,61,30800,16239
308,2,60,30900,16299
309,2,67,31000,16366
310,2,60,31100,16426
311,2,60,31200,16486
312,2,58,31300,16544
313,2,55,31400,16599
314,3,54,31500,16653
315,2,60,31600,16713
316,2,67,31700,16780
317,2,52,31800,16832
318,2,57,31900,16889
319,2,63,32000,16952
320,4,62,32100,17014
321,3,58,32200,17072
322,2,57,32300,17129
323,2,58,32400,17187
324,2,68,32500,17255
325,2,51,32600,17306
326,2,57,32700,17363
327,2,57,32800,17420
328,3,51,32900,17471
329,2,47,33000,17518
330,4,54,33100,17572
331,3,47,33200,17619
332,2,55,33300,17674
333,2,56,33400,17730
334,2,49,33500,17779
335,4,51,33600,17830
336,4,53,33700,17883
337,2,56,33800,17939
338,3,53,33900,17992
339,3,58,34000,18050
340,3,55,34100,18105
341,3,58,34200,18163
342,2,60,34300,18223
343,2,48,34400,18271
344,5,59,34500,18330
345,6,56,34600,18386
346,2,60,34700,18446
347,3,57,34800,18503
348,2,52,34900,18555
349,3,53,35000,18608
350,4,49,35100,18657
351,2,56,35200,18713
352,2,44,35300,18757
353,3,48,35400,18805
354,2,47,35500,18852
355,2,56,35600,18908
356,3,58,35700,18966
357,3,56,35800,19022
358,2,57,35900,19079
359,2,54,36000,19133
360,2,62,36100,19195
361,2,55,36200,19250
362,2,60,36300,19310
363,3,64,36400,19374
364,5,62,36500,19436
365,2,54,36600,19490
366,3,58,36700,19548
367,2,71,36800,19619
368,2,56,36900,19675
369,2,50,37000,19725
370,3,52,37100,19777
371,3,60,37200,19837
372,2,51,37300,19888
373,2,64,37400,19952
374,2,60,37500,20012
375,2,63,37600,20075
376,2,52,37700,20127
377,2,59,37800,20186
378,6,59,37900,20245
379,2,61,38000,20306
380,2,67,38100,20373
381,2,64,38200,20437
382,2,57,38300,20494
383,4,67,38400,20561
384,2,56,38500,20617
385,2,74,38600,20691
386,2,70,38700,20761
387,2,69,38800,20830
388,4,62,38900,20892
389,4,71,39000,20963
390,2,68,39100,21031
391,3,67,39200,21098
392,2,67,39300,21165
393,2,71,39400,21236
394,2,60,39500,21296
395,2,65,39600,21361
396,4,59,39700,21420
397,2,64,39800,21484
398,3,49,39900,21533
399,4,55,40000,21588
400,2,59,40100,21647
401,2,62,40200,21709
402,3,57,40300,21766
403,3,56,40400,21822
404,3,60,40500,21882
405,3,57,40600,21939
406,3,58,40700,21997
407,2,58,40800,22055
408,3,73,40900,22128
409,4,59,41000,22187
410,6,51,41100,22238
411,2,50,41200,22288
412,2,55,41300,22343
413,2,48,41400,22391
414,3,61,41500,22452
415,2,65,41600,22517
416,4,57,41700,22574
417,7,51,41800,22625
418,2,61,41900,22686
419,2,65,42000,22751
420,4,60,42100,22811
421,2,62,42200,22873
422,3,76,42300,22949
423,4,59,42400,23008
424,2,50,42500,23058
425,5,53,42600,23111
426,6,56,42700,23167
427,4,58,42800,23225
428,6,63,42900,23288
429,2,53,43000,23341
430,2,57,43100,23398
431,7,53,43200,23451
432,5,55,43300,23506
433,4,50,43400,23556
434,2,51,43500,23607
435,3,49,43600,23656
436,6,61,43700,23717
437,5,48,43800,23765
438,4,56,43900,23821
439,4,49,44000,23870
440,3,44,44100,23914
441,3,48,44200,23962
442,5,39,44300,24001
443,3,51,44400,24052
444,5,38,44500,24090
445,2,46,44600,24136
446,4,44,44700,24180
447,4,51,44800,24231
448,4,57,44900,24288
449,4,51,45000,24339
450,2,50,45100,24389
451,2,54,45200,24443
452,5,67,45300,24510
453,2,56,45400,24566
454,2,58,45500,24624
455,2,48,45600,24672
456,2,50,45700,24722
457,3,59,45800,24781
458,2,56,45900,24837
459,3,63,46000,24900
460,2,60,46100,24960
461,2,59,46200,25019
462,3,64,46300,25083
463,3,54,46400,25137
464,5,57,46500,25194
465,3,59,46600,25253
466,3,60,46700,25313
467,5,62,46800,25375
468,3,63,46900,25438
469,2,66,47000,25504
470,3,54,47100,25558
471,3,63,47200,25621
472,2,72,47300,25693
473,3,60,47400,25753
474,4,59,47500,25812
475,3,54,47600,25866
476,4,68,47700,25934
477,2,56,47800,25990
478,2,52,47900,26042
479,2,59,48000,26101
480,2,66,48100,26167
481,3,58,48200,26225
482,6,59,48300,26284
483,3,67,48400,26351
484,3,68,48500,26419
485,7,63,48600,26482
486,5,71,48700,26553
487,5,60,48800,26613
488,3,72,48900,26685
489,5,68,49000,26753
490,3,72,49100,26825
491,3,65,49200,26890
492,3,61,49300,26951
493,3,66,49400,27017
494,3,58,49500,27075
495,3,70,49600,27145
496,3,64,49700,27209
497,3,69,49800,27278
498,5,56,49900,27334
499,4,66,50000,27400
500,2,69,50100,27469
501,3,71,50200,27540
502,4,68,50300,27608
503,2,62,50400,27670
504,2,60,50500,27730
505,2,56,50600,27786
506,5,62,50700,27848
507,3,58,50800,27906
508,2,63,50900,27969
509,2,48,51000,28017
510,2,57,51100,28074
511,2,55,51200,28129
512,2,62,51300,28191
513,2,60,51400,28251
514,4,58,51500,28309
515,3,57,51600,28366
516,4,49,51700,28415
517,3,57,51800,28472
518,2,59,51900,28531
519,2,58,52000,28589
520,3,73,52100,28662
521,2,62,52200,28724
522,3,53,52300,28777
523,2,57,52400,28834
524,2,66,52500,28900
525,4,59,52600,28959
526,2,60,52700,29019
527,2,65,52800,29084
528,2,63,52900,29147
529,3,67,53000,29214
530,6,73,53100,29287
531,2,63,53200,29350
532,6,60,53300,29410
533,2,63,53400,29473
534,3,62,53500,29535
535,2,66,53600,29601
536,2,65,53700,29666
537,3,69,53800,29735
538,3,59,53900,29794
539,2,62,54000,29856
540,3,55,54100,29911
541,5,68,54200,29979
542,2,62,54300,30041
543,3,64,54400,30105
544,2,58,54500,30163
545,4,66,54600,30229
546,2,61,54700,30290
547,3,58,54800,30348
548,5,64,54900,30412
549,2,67,55000,30479
550,2,64,55100,30543
551,3,56,55200,30599
552,2,61,55300,30660
553,2,65,55400,30725
554,3,65,55500,30790
555,3,67,55600,30857
556,3,61,55700,30918
557,2,70,55800,30988
558,2,59,55900,31047
559,2,60,56000,31107
560,2,60,56100,31167
561,2,66,56200,31233
562,2,64,56300,31297
563,2,63,56400,31360
564,2,65,56500,31425
565,5,66,56600,31491
566,2,66,56700,31557
567,2,67,56800,31624
568,2,60,56900,31684
569,2,62,57000,31746
570,3,63,57100,31809
571,3,64,57200,31873
572,3,73,57300,31946
573,3,57,57400,32003
574,2,62,57500,32065
575,2,72,57600,32137
576,2,62,57700,32199
577,3,65,57800,32264
578,4,65,57900,32329
579,2,68,58000,32397
580,2,69,58100,32466
581,2,61,58200,32527
582,2,62,58300,32589
583,2,59,58400,32648
584,2,67,58500,32715
585,3,67,58600,32782
586,4,74,58700,32856
587,3,58,58800,32914
588,3,66,58900,32980
589,2,61,59000,33041
590,3,63,59100,33104
591,2,63,59200,33167
592,2,67,59300,33234
593,2,69,59400,33303
594,3,68,59500,33371
595,3,65,59600,33436
596,2,62,59700,33498
597,3,65,59800,33563
598,2,54,59900,33617
599,4,59,60000,33676
600,3,65,60100,33741
601,2,56,60200,33797
602,4,55,60300,33852
603,2,62,60400,33914
604,2,66,60500,33980
605,2,57,60600,34037
606,2,66,60700,34103
607,3,63,60800,34166
608,3,63,60900,34229
609,4,55,61000,34284
610,3,61,61100,34345
611,2,58,61200,34403
612,4,63,61300,34466
613,2,62,61400,34528
614,3,60,61500,34588
615,3,66,61600,34654
616,2,55,61700,34709
617,4,66,61800,34775
618,5,63,61900,34838
619,2,72,62000,34910
620,3,57,62100,34967
621,3,57,62200,35024
622,2,58,62300,35082
623,3,53,62400,35135
624,2,62,62500,35197
625,3,57,62600,35254
626,2,65,62700,35319
627,5,64,62800,35383
628,3,63,62900,35446
629,5,65,63000,35511
630,4,73,63100,35584
631,3,70,63200,35654
632,3,56,63300,35710
633,2,67,63400,35777
634,2,67,63500,35844
635,4,68,63600,35912
636,3,60,63700,35972
637,2,70,63800,36042
638,3,59,63900,36101
639,2,63,64000,36164
640,2,66,64100,36230
641,3,58,64200,36288
642,3,57,64300,36345
643,2,65,64400,36410
644,2,60,64500,36470
645,4,63,64600,36533
646,2,64,64700,36597
647,4,60,64800,36657
648,4,65,64900,36722
649,3,67,65000,36789
650,2,76,65100,36865
651,3,55,65200,36920
652,3,61,65300,36981
653,2,62,65400,37043
654,2,61,65500,37104
655,5,61,65600,37165
656,2,68,65700,37233
657,2,69,65800,37302
658,2,58,65900,37360
659,2,65,66000,37425
660,2,58,66100,37483
661,2,54,66200,37537
662,2,55,66300,37592
663,3,54,66400,37646
664,4,58,66500,37704
665,3,55,66600,37759
666,2,46,66700,37805
667,2,63,66800,37868
668,4,60,66900,37928
669,2,54,67000,37982
670,2,53,67100,38035
671,3,50,67200,38085
672,2,59,67300,38144
673,3,43,67400,38187
674,3,51,67500,38238
675,3,56,67600,38294
676,2,54,67700,38348
677,3,47,67800,38395
678,2,55,67900,38450
679,3,51,68000,38501
680,3,56,68100,38557
681,2,56,68200,38613
682,5,54,68300,38667
683,2,61,68400,38728
684,2,53,68500,38781
685,2,60,68600,38841
686,2,56,68700,38897
687,4,56,68800,38953
688,6,66,68900,39019
689,4,56,69000,39075
690,2,66,69100,39141
691,2,65,69200,39206
692,3,59,69300,39265
693,3,63,69400,39328
694,2,60,69500,39388
695,2,59,69600,39447
696,2,64,69700,39511
697,3,55,69800,39566
698,2,62,69900,39628
699,2,69,70000,39697
700,2,64,70100,39761
701,2,63,70200,39824
702,4,59,70300,39883
703,2,58,70400,39941
704,2,64,70500,40005
705,3,53,70600,40058
706,2,64,70700,40122
707,3,57,70800,40179
708,2,60,70900,40239
709,3,60,71000,40299
710,2,61,71100,40360
711,2,60,71200,40420
712,2,70,71300,40490
713,2,71,71400,40561
714,2,72,71500,40633
715,3,67,71600,40700
716,3,66,71700,40766
717,2,61,71800,40827
718,2,62,71900,40889
719,2,61,72000,40950
720,2,69,72100,41019
721,2,59,72200,41078
722,2,68,72300,41146
723,3,64,72400,41210
724,3,60,72500,41270
725,5,62,72600,41332
726,2,55,72700,41387
727,2,57,72800,41444
728,2,71,72900,41515
729,4,58,73000,41573
730,2,62,73100,41635
731,2,68,73200,41703
732,4,66,73300,41769
733,3,56,73400,41825
734,2,62,73500,41887
735,3,55,73600,41942
736,3,57,73700,41999
737,5,57,73800,42056
738,4,64,73900,42120
739,2,61,74000,42181
740,4,57,74100,42238
741,5,54,74200,42292
742,2,59,74300,42351
743,4,58,74400,42409
744,5,55,74500,42464
745,2,56,74600,42520
746,2,60,74700,42580
747,3,64,74800,42644
748,4,51,74900,42695
749,3,67,75000,42762
750,4,60,75100,42822
751,4,66,75200,42888
752,2,64,75300,42952
753,2,63,75400,43015
754,2,60,75500,43075
755,3,62,75600,43137
756,2,59,75700,43196
757,3,65,75800,43261
758,2,51,75900,43312
759,3,62,76000,43374
760,2,62,76100,43436
761,4,69,76200,43505
762,2,61,76300,43566
763,2,66,76400,43632
764,2,62,76500,43694
765,2,56,76600,43750
766,2,63,76700,43813
767,4,69,76800,43882
768,3,67,76900,43949
769,4,63,77000,44012
770,2,64,77100,44076
771,6,63,77200,44139
772,3,64,77300,44203
773,2,61,77400,44264
774,3,52,77500,44316
775,4,66,77600,44382
776,4,66,77700,44448
777,4,68,77800,44516
778,5,63,77900,44579
779,2,68,78000,44647
780,4,69,78100,44716
781,5,71,78200,44787
782,2,58,78300,44845
783,2,69,78400,44914
784,2,65,78500,44979
785,2,69,78600,45048
786,4,64,78700,45112
787,3,70,78800,45182
788,5,60,78900,45242
789,2,67,79000,45309
790,5,64,79100,45373
791,5,62,79200,45435
792,2,69,79300,45504
793,4,68,79400,45572
794,2,60,79500,45632
795,3,61,79600,45693
796,2,60,79700,45753
797,2,63,79800,45816
798,3,60,79900,45876
799,3,60,80000,45936
800,3,57,80100,45993
801,2,73,80200,46066
802,3,59,80300,46125
803,5,59,80400,46184
804,3,59,80500,46243
805,5,71,80600,46314
806,2,71,80700,46385
807,3,60,80800,46445
808,2,65,80900,46510
809,6,62,81000,46572
810,3,62,81100,46634
811,2,67,81200,46701
812,2,54,81300,46755
813,6,60,81400,46815
814,3,59,81500,46874
815,3,66,81600,46940
816,2,63,81700,47003
817,4,65,81800,47068
818,3,58,81900,47126
819,2,53,82000,47179
820,5,54,82100,47233
821,4,53,82200,47286
822,3,62,82300,47348
823,4,67,82400,47415
824,4,58,82500,47473
825,3,59,82600,47532
826,3,64,82700,47596
827,2,62,82800,47658
828,3,64,82900,47722
829,2,63,83000,47785
830,3,57,83100,47842
831,4,54,83200,47896
832,3,60,83300,47956
833,3,58,83400,48014
834,2,56,83500,48070
835,6,57,83600,48127
836,4,60,83700,48187
837,5,61,83800,48248
838,4,56,83900,48304
839,5,63,84000,48367
840,2,64,84100,48431
841,5,65,84200,48496
842,2,65,84300,48561
843,6,66,84400,48627
844,4,60,84500,48687
845,3,61,84600,48748
846,4,45,84700,48793
847,3,63,84800,48856
848,2,62,84900,48918
849,2,62,85000,48980
850,3,60,85100,49040
851,2,51,85200,49091
852,2,60,85300,49151
853,2,61,85400,49212
854,2,61,85500,49273
855,2,65,85600,49338
856,2,56,85700,49394
857,2,53,85800,49447
858,4,63,85900,49510
859,2,70,86000,49580
860,2,62,86100,49642
861,4,69,86200,49711
862,2,60,86300,49771
863,2,62,86400,49833
864,4,57,86500,49890
865,5,62,86600,49952
866,4,70,86700,50022
867,3,66,86800,50088
868,2,60,86900,50148
869,2,52,87000,50200
870,2,65,87100,50265
871,2,70,87200,50335
872,3,61,87300,50396
873,4,69,87400,50465
874,4,68,87500,50533
875,4,55,87600,50588
876,2,65,87700,50653
877,4,64,87800,50717
878,3,51,87900,50768
879,5,66,88000,50834
880,5,65,88100,50899
881,2,67,88200,50966
882,6,66,88300,51032
883,2,68,88400,51100
884,2,65,88500,51165
885,3,71,88600,51236
886,2,62,88700,51298
887,3,56,88800,51354
888,2,60,88900,51414
889,2,69,89000,51483
890,4,69,89100,51552
891,2,55,89200,51607
892,2,68,89300,51675
893,2,71,89400,51746
894,5,61,89500,51807
895,2,61,89600,51868
896,2,59,89700,51927
897,2,74,89800,52001
898,4,64,89900,52065
899,2,61,90000,52126
900,2,67,90100,52193
901,2,77,90200,52270
902,2,62,90300,52332
903,2,72,90400,52404
904,2,68,90500,52472
905,2,74,90600,52546
906,2,68,90700,52614
907,2,64,90800,52678
908,2,60,90900,52738
909,2,79,91000,52817
910,3,69,91100,52886
911,2,67,91200,52953
912,2,63,91300,53016
913,2,63,91400,53079
914,2,70,91500,53149
915,2,67,91600,53216
916,2,62,91700,53278
917,2,67,91800,53345
918,3,55,91900,53400
919,3,67,92000,53467
920,2,61,92100,53528
921,4,59,92200,53587
922,4,75,92300,53662
923,3,67,92400,53729
924,2,71,92500,53800
925,3,70,92600,53870
926,2,60,92700,53930
927,2,67,92800,53997
928,3,64,92900,54061
929,6,68,93000,54129
930,2,62,93100,54191
931,2,60,93200,54251
932,2,67,93300,54318
933,2,72,93400,54390
934,3,70,93500,54460
935,5,64,93600,54524
936,3,57,93700,54581
937,2,64,93800,54645
938,2,64,93900,54709
939,6,72,94000,54781
940,2,63,94100,54844
941,3,72,94200,54916
942,2,72,94300,54988
943,2,75,94400,55063
944,3,69,94500,55132
945,4,71,94600,55203
946,2,65,94700,55268
947,3,64,94800,55332
948,3,68,94900,55400
949,2,66,95000,55466
950,2,67,95100,55533
951,2,55,95200,55588
952,3,61,95300,55649
953,5,61,95400,55710
954,3,60,95500,55770
955,2,56,95600,55826
956,4,66,95700,55892
957,2,67,95800,55959
958,4,62,95900,56021
959,3,58,96000,56079
960,4,53,96100,56132
961,2,47,96200,56179
962,2,60,96300,56239
963,2,59,96400,56298
964,2,67,96500,56365
965,2,62,96600,56427
966,2,67,96700,56494
967,2,59,96800,56553
968,5,71,96900,56624
969,3,63,97000,56687
970,3,54,97100,56741
971,2,52,97200,56793
972,3,58,97300,56851
973,3,44,97400,56895
974,2,63,97500,56958
975,3,65,97600,57023
976,3,57,97700,57080
977,7,64,97800,57144
978,2,71,97900,57215
979,2,60,98000,57275
980,3,68,98100,57343
981,2,54,98200,57397
982,6,71,98300,57468
983,2,54,98400,57522
984,2,70,98500,57592
985,4,63,98600,57655
986,3,69,98700,57724
987,2,70,98800,57794
988,2,72,98900,57866
989,2,71,99000,57937
990,5,76,99100,58013
991,2,69,99200,58082
992,2,69,99300,58151
993,3,73,99400,58224
994,2,72,99500,58296
995,2,69,99600,58365
996,2,72,99700,58437
997,2,68,99800,58505
998,3,76,99900,58581
999,5,68,100000,58649
1000,2,65,100100,58714
1001,4,64,100200,58778
1002,2,74,100300,58852
1003,2,74,100400,58926
1004,3,64,100500,58990
1005,2,59,100600,59049
1006,2,62,100700,59111
1007,2,72,100800,59183
1008,2,68,100900,59251
1009,2,59,101000,59310
1010,3,72,101100,59382
1011,2,72,101200,59454
1012,5,70,101300,59524
1013,2,75,101400,59599
1014,3,73,101500,59672
1015,4,72,101600,59744
1016,3,71,101700,59815
1017,6,66,101800,59881
1018,3,63,101900,59944
1019,2,65,102000,60009
1020,6,64,102100,60073
1021,2,67,102200,60140
1022,3,62,102300,60202
1023,2,75,102400,60277
1024,2,64,102500,60341
1025,5,69,102600,60410
1026,2,65,102700,60475
1027,3,73,102800,60548
1028,6,62,102900,60610
1029,2,57,103000,60667
1030,3,58,103100,60725
1031,3,64,103200,60789
1032,2,68,103300,60857
1033,3,64,103400,60921
1034,2,71,103500,60992
1035,4,60,103600,61052
1036,8,66,103700,61118
1037,2,67,103800,61185
1038,2,70,103900,61255
1039,2,54,104000,61309
1040,4,69,104100,61378
1041,2,62,104200,61440
1042,6,74,104300,61514
1043,5,57,104400,61571
1044,3,69,104500,61640
1045,2,65,104600,61705
1046,2,61,104700,61766
1047,3,65,104800,61831
1048,6,60,104900,61891
1049,3,66,105000,61957
1050,5,60,105100,62017
1051,3,57,105200,62074
1052,4,62,105300,62136
1053,2,63,105400,62199
1054,3,64,105500,62263
1055,3,54,105600,62317
1056,2,60,105700,62377
1057,2,58,105800,62435
1058,6,56,105900,62491
1059,2,69,106000,62560
1060,3,65,106100,62625
1061,4,67,106200,62692
1062,2,65,106300,62757
1063,4,63,106400,62820
1064,2,62,106500,62882
1065,5,65,106600,62947
1066,3,61,106700,63008
1067,3,58,106800,63066
1068,3,62,106900,63128
1069,6,65,107000,63193
1070,2,61,107100,63254
1071,6,68,107200,63322
1072,2,68,107300,63390
1073,3,60,107400,63450
1074,3,66,107500,63516
1075,2,65,107600,63581
1076,4,59,107700,63640
1077,3,68,107800,63708
1078,3,65,107900,63773
1079,3,57,108000,63830
1080,2,56,108100,63886
1081,3,64,108200,63950
1082,4,62,108300,64012
1083,4,61,108400,64073
1084,4,66,108500,64139
1085,4,64,108600,64203
1086,4,62,108700,64265
1087,4,64,108800,64329
1088,2,66,108900,64395
1089,3,67,109000,64462
1090,4,69,109100,64531
1091,3,65,109200,64596
1092,2,56,109300,64652
1093,3,62,109400,64714
1094,5,67,109500,64781
1095,2,66,109600,64847
1096,4,64,109700,64911
1097,6,61,109800,64972
1098,4,57,109900,65029
1099,3,50,110000,65079
1100,4,54,110100,65133
1101,3,60,110200,65193
1102,5,55,110300,65248
1103,5,55,110400,65303
1104,3,58,110500,65361
1105,4,66,110600,65427
1106,4,70,110700,65497
1107,5,60,110800,65557
1108,2,50,110900,65607
1109,5,58,111000,65665
1110,3,54,111100,65719
1111,4,50,111200,65769
1112,3,61,111300,65830
1113,3,50,111400,65880
1114,2,52,111500,65932
1115,7,64,111600,65996
1116,6,59,111700,66055
1117,3,51,111800,66106
1118,3,57,111900,66163
1119,2,58,112000,66221
1120,2,54,112100,66275
1121,2,55,112200,66330
1122,2,64,112300,66394
1123,4,61,112400,66455
1124,3,64,112500,66519
1125,6,59,112600,66578
1126,2,57,112700,66635
1127,2,61,112800,66696
1128,3,57,112900,66753
1129,7,60,113000,66813
1130,4,68,113100,66881
1131,6,68,113200,66949
1132,3,70,113300,67019
1133,6,63,113400,67082
1134,6,59,113500,67141
1135,2,62,113600,67203
1136,6,63,113700,67266
1137,4,55,113800,67321
1138,5,55,113900,67376
1139,6,59,114000,67435
1140,5,61,114100,67496
1141,3,60,114200,67556
1142,3,57,114300,67613
1143,3,61,114400,67674
1144,3,63,114500,67737
1145,6,61,114600,67798
1146,5,59,114700,67857
1147,3,67,114800,67924
1148,2,65,114900,67989
1149,3,65,115000,68054
1150,6,66,115100,68120
1151,4,71,115200,68191
1152,5,68,115300,68259
1153,2,58,115400,68317
1154,3,63,115500,68380
1155,2,62,115600,68442
1156,6,58,115700,68500
1157,3,57,115800,68557
1158,4,63,115900,68620
1159,2,64,116000,68684
1160,4,65,116100,68749
1161,4,60,116200,68809
1162,2,58,116300,68867
1163,4,63,116400,68930
1164,3,66,116500,68996
1165,5,55,116600,69051
1166,2,59,116700,69110
1167,4,66,116800,69176
1168,4,64,116900,69240
1169,4,56,117000,69296
1170,3,61,117100,69357
1171,2,60,117200,69417
1172,2,70,117300,69487
1173,4,57,117400,69544
1174,2,61,117500,69605
1175,2,63,117600,69668
1176,5,62,117700,69730
1177,2,69,117800,69799
1178,2,67,117900,69866
1179,9,71,118000,69937
1180,2,71,118100,70008
1181,3,59,118200,70067
1182,6,72,118300,70139
1183,4,69,118400,70208
1184,2,65,118500,70273
1185,2,67,118600,70340
1186,4,66,118700,70406
1187,2,83,118800,70489
1188,2,59,118900,70548
1189,3,70,119000,70618
1190,4,70,119100,70688
1191,6,72,119200,70760
1192,2,69,119300,70829
1193,2,63,119400,70892
1194,3,75,119500,70967
1195,5,71,119600,71038
1196,2,75,119700,71113
1197,2,69,119800,71182
1198,2,74,119900,71256
1199,2,67,120000,71323
1200,2,64,120100,71387
1201,5,73,120200,71460
1202,4,71,120300,71531
1203,3,73,120400,71604
1204,5,65,120500,71669
1205,2,65,120600,71734
1206,3,67,120700,71801
1207,3,72,120800,71873
1208,2,68,120900,71941
1209,4,75,121000,72016
1210,2,70,121100,72086
1211,2,79,121200,72165
1212,2,63,121300,72228
1213,3,68,121400,72296
1214,5,80,121500,72376
1215,3,67,121600,72443
1216,5,66,121700,72509
1217,3,73,121800,72582
1218,3,70,121900,72652
1219,5,77,122000,72729
1220,2,70,122100,72799
1221,2,71,122200,72870
1222,2,75,122300,72945
1223,2,69,122400,73014
1224,5,70,122500,73084
1225,3,76,122600,73160
1226,2,66,122700,73226
1227,3,66,122800,73292
1228,3,65,122900,73357
1229,4,69,123000,73426
1230,2,69,123100,73495
1231,2,68,123200,73563
1232,2,77,123300,73640
1233,5,71,123400,73711
1234,2,73,123500,73784
1235,4,72,123600,73856
1236,2,78,123700,73934
1237,6,63,123800,73997
1238,3,62,123900,74059
1239,2,72,124000,74131
1240,2,71,124100,74202
1241,3,68,124200,74270
1242,9,70,124300,74340
1243,2,75,124400,74415
1244,5,70,124500,74485
1245,3,65,124600,74550
1246,4,59,124700,74609
1247,2,67,124800,74676
1248,2,67,124900,74743
1249,2,70,125000,74813
1250,2,63,125100,74876
1251,3,67,125200,74943
1252,2,68,125300,75011
1253,3,77,125400,75088
1254,2,73,125500,75161
1255,3,70,125600,75231
1256,3,74,125700,75305
1257,3,61,125800,75366
1258,3,67,125900,75433
1259,3,71,126000,75504
1260,2,64,126100,75568
1261,4,58,126200,75626
1262,6,62,126300,75688
1263,6,59,126400,75747
1264,3,75,126500,75822
1265,2,72,126600,75894
1266,2,72,126700,75966
1267,2,77,126800,76043
1268,4,71,126900,76114
1269,3,62,127000,76176
1270,2,76,127100,76252
1271,2,70,127200,76322
1272,2,66,127300,76388
1273,2,66,127400,76454
1274,3,59,127500,76513
1275,4,73,127600,76586
1276,2,76,127700,76662
1277,5,65,127800,76727
1278,3,64,127900,76791
1279,4,66,128000,76857
1280,5,70,128100,76927
1281,2,70,128200,76997
1282,4,70,128300,77067
1283,2,69,128400,77136
1284,4,64,128500,77200
1285,4,70,128600,77270
1286,3,66,128700,77336
1287,6,65,128800,77401
1288,7,70,128900,77471
1289,2,72,129000,77543
1290,5,71,129100,77614
1291,4,73,129200,77687
1292,5,72,129300,77759
1293,4,70,129400,77829
1294,4,69,129500,77898
1295,2,69,129600,77967
1296,6,68,129700,78035
1297,4,69,129800,78104
1298,3,64,129900,78168
1299,5,60,130000,78228
1300,2,67,130100,78295
1301,3,66,130200,78361
1302,7,66,130300,78427
1303,4,72,130400,78499
1304,2,71,130500,78570
1305,2,68,130600,78638
1306,9,69,130700,78707
1307,5,71,130800,78778
1308,2,70,130900,78848
1309,2,67,131000,78915
1310,2,58,131100,78973
1311,2,77,131200,79050
1312,4,72,131300,79122
1313,2,66,131400,79188
1314,2,60,131500,79248
1315,2,63,131600,79311
1316,6,69,131700,79380
1317,6,66,131800,79446
1318,2,66,131900,79512
1319,3,62,132000,79574
1320,2,64,132100,79638
1321,7,76,132200,79714
1322,2,70,132300,79784
1323,5,71,132400,79855
1324,2,65,132500,79920
1325,2,60,132600,79980
1326,2,70,132700,80050
1327,2,70,132800,80120
1328,2,63,132900,80183
1329,2,67,133000,80250
1330,2,62,133100,80312
1331,2,71,133200,80383
1332,2,73,133300,80456
1333,2,70,133400,80526
1334,4,62,133500,80588
1335,2,66,133600,80654
1336,2,70,133700,80724
1337,2,67,133800,80791
1338,3,69,133900,80860
1339,2,71,134000,80931
1340,2,61,134100,80992
1341,2,65,134200,81057
1342,4,61,134300,81118
1343,5,57,134400,81175
1344,2,74,134500,81249
1345,3,68,134600,81317
1346,3,64,134700,81381
1347,2,74,134800,81455
1348,2,66,134900,81521
1349,2,72,135000,81593
1350,6,74,135100,81667
1351,4,69,135200,81736
1352,4,65,135300,81801
1353,2,73,135400,81874
1354,2,61,135500,81935
1355,2,80,135600,82015
1356,2,68,135700,82083
1357,2,70,135800,82153
1358,2,58,135900,82211
1359,2,63,136000,82274
1360,5,63,136100,82337
1361,2,62,136200,82399
1362,2,62,136300,82461
1363,2,67,136400,82528
1364,2,68,136500,82596
1365,3,64,136600,82660
1366,2,62,136700,82722
1367,4,63,136800,82785
1368,2,62,136900,82847
1369,3,74,137000,82921
1370,2,64,137100,82985
1371,4,65,137200,83050
1372,2,65,137300,83115
1373,2,70,137400,83185
1374,2,70,137500,83255
1375,2,72,137600,83327
1376,2,60,137700,83387
1377,4,70,137800,83457
1378,3,69,137900,83526
1379,2,73,138000,83599
1380,6,67,138100,83666
1381,2,66,138200,83732
1382,2,79,138300,83811
1383,2,66,138400,83877
1384,2,63,138500,83940
1385,2,62,138600,84002
1386,2,67,138700,84069
1387,2,74,138800,84143
1388,2,71,138900,84214
1389,2,67,139000,84281
1390,2,65,139100,84346
1391,2,68,139200,84414
1392,3,59,139300,84473
1393,2,75,139400,84548
1394,2,67,139500,84615
1395,2,59,139600,84674
1396,2,56,139700,84730
1397,2,56,139800,84786
1398,2,59,139900,84845
1399,2,57,140000,84902
1400,2,51,140100,84953
1401,4,57,140200,85010
1402,5,62,140300,85072
1403,2,57,140400,85129
1404,2,53,140500,85182
1405,2,61,140600,85243
1406,3,56,140700,85299
1407,2,54,140800,85353
1408,2,63,140900,85416
1409,2,59,141000,85475
1410,2,52,141100,85527
1411,2,54,141200,85581
1412,2,56,141300,85637
1413,2,56,141400,85693
1414,2,54,141500,85747
1415,6,55,141600,85802
1416,2,63,141700,85865
1417,7,55,141800,85920
1418,6,61,141900,85981
1419,4,61,142000,86042
1420,5,61,142100,86103
1421,6,60,142200,86163
1422,2,61,142300,86224
1423,2,56,142400,86280
1424,5,60,142500,86340
1425,2,60,142600,86400
1426,5,64,142700,86464
1427,4,60,142800,86524
1428,6,67,142900,86591
1429,6,64,143000,86655
1430,4,67,143100,86722
1431,7,54,143200,86776
1432,4,59,143300,86835
1433,3,62,143400,86897
1434,4,62,143500,86959
1435,4,64,143600,87023
1436,5,60,143700,87083
1437,5,64,143800,87147
1438,3,58,143900,87205
1439,5,61,144000,87266
1440,4,62,144100,87328
1441,2,65,144200,87393
1442,2,52,144300,87445
1443,5,58,144400,87503
1444,5,60,144500,87563
1445,4,58,144600,87621
1446,5,70,144700,87691
1447,4,63,144800,87754
1448,5,66,144900,87820
1449,4,66,145000,87886
1450,3,62,145100,87948
1451,2,62,145200,88010
1452,4,56,145300,88066
1453,5,69,145400,88135
1454,2,54,145500,88189
1455,3,55,145600,88244
1456,4,61,145700,88305
1457,2,66,145800,88371
1458,2,58,145900,88429
1459,4,61,146000,88490
1460,3,60,146100,88550
1461,2,65,146200,88615
1462,5,60,146300,88675
1463,2,58,146400,88733
1464,2,62,146500,88795
1465,4,51,146600,88846
1466,2,60,146700,88906
1467,2,67,146800,88973
1468,6,59,146900,89032
1469,2,59,147000,89091
1470,4,55,147100,89146
1471,4,61,147200,89207
1472,5,68,147300,89275
1473,2,55,147400,89330
1474,7,59,147500,89389
1475,2,63,147600,89452
1476,2,59,147700,89511
1477,4,62,147800,89573
1478,2,58,147900,89631
1479,2,68,148000,89699
1480,2,76,148100,89775
1481,2,61,148200,89836
1482,2,61,148300,89897
1483,2,58,148400,89955
1484,2,63,148500,90018
1485,5,64,148600,90082
1486,4,60,148700,90142
1487,2,55,148800,90197
1488,2,58,148900,90255
1489,7,42,149000,90297
1490,2,51,149100,90348
1491,2,62,149200,90410
1492,2,52,149300,90462
1493,3,59,149400,90521
1494,3,48,149500,90569
1495,2,59,149600,90628
1496,6,50,149700,90678
1497,2,62,149800,90740
1498,2,54,149900,90794
1499,2,57,150000,90851
1500,2,64,150100,90915
1501,2,61,150200,90976
1502,2,65,150300,91041
1503,2,60,150400,91101
1504,2,55,150500,91156
1505,2,66,150600,91222
1506,4,68,150700,91290
1507,2,67,150800,91357
1508,2,64,150900,91421
1509,2,62,151000,91483
1510,2,67,151100,91550
1511,6,57,151200,91607
1512,2,56,151300,91663
1513,2,56,151400,91719
1514,2,64,151500,91783
1515,2,55,151600,91838
1516,5,51,151700,91889
1517,2,69,151800,91958
1518,4,68,151900,92026
1519,6,68,152000,92094
1520,3,53,152100,92147
1521,2,61,152200,92208
1522,4,72,152300,92280
1523,2,66,152400,92346
1524,8,60,152500,92406
1525,2,65,152600,92471
1526,3,71,152700,92542
1527,2,59,152800,92601
1528,2,64,152900,92665
1529,5,69,153000,92734
1530,2,61,153100,92795
1531,2,69,153200,92864
1532,6,69,153300,92933
1533,2,72,153400,93005
1534,2,69,153500,93074
1535,2,61,153600,93135
1536,2,68,153700,93203
1537,4,72,153800,93275
1538,2,66,153900,93341
1539,2,69,154000,93410
1540,2,73,154100,93483
1541,2,66,154200,93549
1542,2,63,154300,93612
1543,2,52,154400,93664
1544,2,62,154500,93726
1545,2,62,154600,93788
1546,2,62,154700,93850
1547,2,68,154800,93918
1548,2,62,154900,93980
1549,10,58,155000,94038
1550,5,69,155100,94107
1551,2,61,155200,94168
1552,3,57,155300,94225
1553,2,65,155400,94290
1554,2,66,155500,94356
1555,2,65,155600,94421
1556,5,71,155700,94492
1557,2,61,155800,94553
1558,2,63,155900,94616
1559,2,60,156000,94676
1560,2,71,156100,94747
1561,3,62,156200,94809
1562,2,64,156300,94873
1563,2,61,156400,94934
1564,2,66,156500,95000
1565,2,73,156600,95073
1566,2,60,156700,95133
1567,5,58,156800,95191
1568,3,76,156900,95267
1569,2,70,157000,95337
1570,2,61,157100,95398
1571,2,67,157200,95465
1572,5,62,157300,95527
1573,2,60,157400,95587
1574,2,63,157500,95650
1575,2,57,157600,95707
1576,3,77,157700,95784
1577,2,67,157800,95851
1578,2,65,157900,95916
1579,2,68,158000,95984
1580,5,66,158100,96050
1581,2,69,158200,96119
1582,2,73,158300,96192
1583,5,57,158400,96249
1584,2,69,158500,96318
1585,3,65,158600,96383
1586,2,59,158700,96442
1587,2,71,158800,96513
1588,2,58,158900,96571
1589,5,76,159000,96647
1590,2,61,159100,96708
1591,8,65,159200,96773
1592,2,72,159300,96845
1593,2,71,159400,96916
1594,2,68,159500,96984
1595,2,67,159600,97051
1596,5,65,159700,97116
1597,13,64,159800,97180
1598,2,70,159900,97250
1599,2,59,160000,97309
1600,2,64,160100,97373
1601,2,58,160200,97431
1602,2,73,160300,97504
1603,4,64,160400,97568
1604,2,65,160500,97633
1605,2,60,160600,97693
1606,5,60,160700,97753
1607,5,56,160800,97809
1608,2,58,160900,97867
1609,3,53,161000,97920
1610,2,60,161100,97980
1611,2,52,161200,98032
1612,3,61,161300,98093
1613,4,55,161400,98148
1614,2,65,161500,98213
1615,2,61,161600,98274
1616,2,70,161700,98344
1617,2,62,161800,98406
1618,2,66,161900,98472
1619,5,61,162000,98533
1620,2,64,162100,98597
1621,2,64,162200,98661
1622,2,54,162300,98715
1623,2,63,162400,98778
1624,2,57,162500,98835
1625,2,56,162600,98891
1626,2,68,162700,98959
1627,3,63,162800,99022
1628,3,62,162900,99084
1629,3,68,163000,99152
1630,2,60,163100,99212
1631,2,65,163200,99277
1632,2,62,163300,99339
1633,2,65,163400,99404
1634,2,73,163500,99477
1635,2,62,163600,99539
1636,2,70,163700,99609
1637,2,60,163800,99669
1638,2,64,163900,99733
1639,2,54,164000,99787
1640,2,66,164100,99853
1641,2,68,164200,99921
1642,2,77,164300,99998
1643,2,70,164400,100068
1644,2,64,164500,100132
1645,2,61,164600,100193
1646,6,65,164700,100258
1647,2,63,164800,100321
1648,6,62,164900,100383
1649,2,64,165000,100447
1650,2,63,165100,100510
1651,2,62,165200,100572
1652,2,73,165300,100645
1653,4,67,165400,100712
1654,2,65,165500,100777
1655,2,71,165600,100848
1656,4,69,165700,100917
1657,2,60,165800,100977
1658,6,66,165900,101043
1659,2,61,166000,101104
1660,2,68,166100,101172
1661,6,66,166200,101238
1662,2,69,166300,101307
1663,2,77,166400,101384
1664,2,62,166500,101446
1665,4,62,166600,101508
1666,2,67,166700,101575
1667,2,71,166800,101646
1668,2,58,166900,101704
1669,6,75,167000,101779
1670,3,65,167100,101844
1671,2,67,167200,101911
1672,2,63,167300,101974
1673,2,68,167400,102042
1674,2,70,167500,102112
1675,2,60,167600,102172
1676,2,71,167700,102243
1677,2,71,167800,102314
1678,2,62,167900,102376
1679,2,69,168000,102445
1680,2,62,168100,102507
1681,2,67,168200,102574
1682,2,73,168300,102647
1683,2,66,168400,102713
1684,2,67,168500,102780
1685,2,69,168600,102849
1686,2,65,168700,102914
1687,2,67,168800,102981
1688,2,65,168900,103046
1689,2,67,169000,103113
1690,2,65,169100,103178
1691,2,70,169200,103248
1692,2,64,169300,103312
1693,2,62,169400,103374
1694,4,69,169500,103443
1695,2,68,169600,103511
1696,2,73,169700,103584
1697,2,62,169800,103646
1698,5,61,169900,103707
1699,2,62,170000,103769
1700,2,58,170100,103827
1701,2,67,170200,103894
1702,3,67,170300,103961
1703,2,67,170400,104028
1704,2,68,170500,104096
1705,2,45,170600,104141
1706,2,60,170700,104201
1707,2,68,170800,104269
1708,2,67,170900,104336
1709,2,65,171000,104401
1710,2,54,171100,104455
1711,2,63,171200,104518
1712,2,61,171300,104579
1713,3,60,171400,104639
1714,3,62,171500,104701
1715,3,60,171600,104761
1716,2,56,171700,104817
1717,2,56,171800,104873
1718,4,57,171900,104930
1719,2,64,172000,104994
1720,2,56,172100,105050
1721,6,54,172200,105104
1722,2,65,172300,105169
1723,6,53,172400,105222
1724,2,63,172500,105285
1725,2,58,172600,105343
1726,2,52,172700,105395
1727,2,54,172800,105449
1728,2,58,172900,105507
1729,2,62,173000,105569
1730,5,53,173100,105622
1731,2,51,173200,105673
1732,2,54,173300,105727
1733,2,62,173400,105789
1734,3,53,173500,105842
1735,4,57,173600,105899
1736,2,59,173700,105958
1737,3,66,173800,106024
1738,2,56,173900,106080
1739,2,50,174000,106130
1740,2,60,174100,106190
1741,2,51,174200,106241
1742,2,62,174300,106303
1743,2,63,174400,106366
1744,2,56,174500,106422
1745,4,60,174600,106482
1746,2,62,174700,106544
1747,2,59,174800,106603
1748,2,65,174900,106668
1749,2,57,175000,106725
1750,6,67,175100,106792
1751,2,56,175200,106848
1752,2,61,175300,106909
1753,2,63,175400,106972
1754,2,56,175500,107028
1755,2,52,175600,107080
1756,6,68,175700,107148
1757,6,63,175800,107211
1758,3,66,175900,107277
1759,6,65,176000,107342
1760,2,59,176100,107401
1761,2,65,176200,107466
1762,2,61,176300,107527
1763,2,70,176400,107597
1764,2,58,176500,107655
1765,2,60,176600,107715
1766,2,56,176700,107771
1767,2,66,176800,107837
1768,2,64,176900,107901
1769,2,58,177000,107959
1770,2,59,177100,108018
1771,4,72,177200,108090
1772,2,69,177300,108159
1773,2,60,177400,108219
1774,2,56,177500,108275
1775,5,68,177600,108343
1776,2,57,177700,108400
1777,2,65,177800,108465
1778,4,73,177900,108538
1779,2,58,178000,108596
1780,2,58,178100,108654
1781,4,56,178200,108710
1782,2,66,178300,108776
1783,3,62,178400,108838
1784,3,73,178500,108911
1785,2,59,178600,108970
1786,5,75,178700,109045
1787,3,72,178800,109117
1788,2,67,178900,109184
1789,2,69,179000,109253
1790,2,69,179100,109322
1791,2,66,179200,109388
1792,4,66,179300,109454
1793,2,61,179400,109515
1794,2,67,179500,109582
1795,3,70,179600,109652
1796,2,62,179700,109714
1797,4,63,179800,109777
1798,2,72,179900,109849
1799,2,66,180000,109915
1800,3,65,180100,109980
1801,5,61,180200,110041
1802,4,64,180300,110105
1803,2,63,180400,110168
1804,2,68,180500,110236
1805,2,65,180600,110301
1806,2,69,180700,110370
1807,2,67,180800,110437
1808,2,67,180900,110504
1809,2,65,181000,110569
1810,2,70,181100,110639
1811,2,73,181200,110712
1812,2,68,181300,110780
1813,2,62,181400,110842
1814,2,65,181500,110907
1815,2,65,181600,110972
1816,2,70,181700,111042
1817,2,66,181800,111108
1818,2,61,181900,111169
1819,4,63,182000,111232
1820,2,74,182100,111306
1821,2,65,182200,111371
1822,2,66,182300,111437
1823,2,70,182400,111507
1824,2,71,182500,111578
1825,2,67,182600,111645
1826,2,72,182700,111717
1827,4,61,182800,111778
1828,2,70,182900,111848
1829,2,59,183000,111907
1830,2,74,183100,111981
1831,2,70,183200,112051
1832,3,73,183300,112124
1833,2,79,183400,112203
1834,2,64,183500,112267
1835,2,65,183600,112332
1836,5,63,183700,112395
1837,2,62,183800,112457
1838,2,73,183900,112530
1839,2,65,184000,112595
1840,2,62,184100,112657
1841,3,63,184200,112720
1842,2,69,184300,112789
1843,7,65,184400,112854
1844,2,59,184500,112913
1845,2,62,184600,112975
1846,2,66,184700,113041
1847,2,73,184800,113114
1848,6,63,184900,113177
1849,2,56,185000,113233
1850,2,55,185100,113288
1851,2,65,185200,113353
1852,2,69,185300,113422
1853,2,61,185400,113483
1854,4,70,185500,113553
1855,2,68,185600,113621
1856,2,66,185700,113687
1857,2,49,185800,113736
1858,2,68,185900,113804
1859,2,56,186000,113860
1860,2,67,186100,113927
1861,2,65,186200,113992
1862,2,60,186300,114052
1863,3,56,186400,114108
1864,2,55,186500,114163
1865,2,56,186600,114219
1866,2,57,186700,114276
1867,2,66,186800,114342
1868,2,64,186900,114406
1869,2,60,187000,114466
1870,2,62,187100,114528
1871,2,60,187200,114588
1872,2,56,187300,114644
1873,5,61,187400,114705
1874,5,62,187500,114767
1875,2,62,187600,114829
1876,5,67,187700,114896
1877,2,68,187800,114964
1878,2,65,187900,115029
1879,6,65,188000,115094
1880,4,71,188100,115165
1881,5,60,188200,115225
1882,2,68,188300,115293
1883,2,58,188400,115351
1884,3,73,188500,115424
1885,2,72,188600,115496
1886,6,63,188700,115559
1887,3,57,188800,115616
1888,4,63,188900,115679
1889,4,65,189000,115744
1890,2,66,189100,115810
1891,2,70,189200,115880
1892,4,69,189300,115949
1893,2,75,189400,116024
1894,4,68,189500,116092
1895,2,64,189600,116156
1896,4,61,189700,116217
1897,2,67,189800,116284
1898,3,67,189900,116351
1899,6,67,190000,116418
1900,2,74,190100,116492
1901,8,69,190200,116561
1902,2,72,190300,116633
1903,3,66,190400,116699
1904,2,71,190500,116770
1905,2,69,190600,116839
1906,2,64,190700,116903
1907,2,72,190800,116975
1908,2,69,190900,117044
1909,2,70,191000,117114
1910,5,68,191100,117182
1911,2,60,191200,117242
1912,2,71,191300,117313
1913,4,70,191400,117383
1914,6,66,191500,117449
1915,2,66,191600,117515
1916,2,65,191700,117580
1917,2,66,191800,117646
1918,2,67,191900,117713
1919,2,60,192000,117773
1920,2,70,192100,117843
1921,2,66,192200,117909
1922,2,68,192300,117977
1923,5,66,192400,118043
1924,4,66,192500,118109
1925,2,75,192600,118184
1926,2,67,192700,118251
1927,2,67,192800,118318
1928,2,75,192900,118393
1929,2,68,193000,118461
1930,2,60,193100,118521
1931,2,60,193200,118581
1932,4,70,193300,118651
1933,2,65,193400,118716
1934,2,65,193500,118781
1935,3,60,193600,118841
1936,2,63,193700,118904
1937,2,68,193800,118972
1938,2,64,193900,119036
1939,2,71,194000,119107
1940,2,69,194100,119176
1941,2,69,194200,119245
1942,2,64,194300,119309
1943,2,60,194400,119369
1944,2,71,194500,119440
1945,2,70,194600,119510
1946,2,69,194700,119579
1947,2,73,194800,119652
1948,2,66,194900,119718
1949,2,76,195000,119794
1950,4,72,195100,119866
1951,2,66,195200,119932
1952,3,61,195300,119993
1953,2,65,195400,120058
1954,2,75,195500,120133
1955,3,64,195600,120197
1956,2,63,195700,120260
1957,2,69,195800,120329
1958,2,57,195900,120386
1959,3,74,196000,120460
1960,2,60,196100,120520
1961,2,66,196200,120586
1962,2,64,196300,120650
1963,2,66,196400,120716
1964,2,72,196500,120788
1965,2,68,196600,120856
1966,2,63,196700,120919
1967,2,72,196800,120991
1968,3,60,196900,121051
1969,2,67,197000,121118
1970,2,67,197100,121185
1971,2,67,197200,121252
1972,2,72,197300,121324
1973,2,69,197400,121393
1974,2,67,197500,121460
1975,2,66,197600,121526
1976,4,62,197700,121588
1977,2,53,197800,121641
1978,6,52,197900,121693
1979,4,76,198000,121769
1980,4,65,198100,121834
1981,2,59,198200,121893
1982,3,60,198300,121953
1983,2,66,198400,122019
1984,2,62,198500,122081
1985,2,69,198600,122150
1986,2,62,198700,122212
1987,2,62,198800,122274
1988,2,62,198900,122336
1989,2,66,199000,122402
1990,2,69,199100,122471
1991,2,66,199200,122537
1992,2,66,199300,122603
1993,2,59,199400,122662
1994,2,59,199500,122721
1995,2,53,199600,122774
1996,2,64,199700,122838
1997,2,56,199800,122894
1998,2,63,199900,122957
1999,2,57,200000,123014
2000,3,61,200100,123075
2001,2,60,200200,123135
2002,2,59,200300,123194
2003,2,67,200400,123261
2004,2,61,200500,123322
2005,2,64,200600,123386
2006,2,58,200700,123444
2007,2,65,200800,123509
2008,2,58,200900,123567
2009,2,66,201000,123633
2010,2,55,201100,123688
2011,2,61,201200,123749
2012,2,55,201300,123804
2013,2,55,201400,123859
2014,2,67,201500,123926
2015,2,57,201600,123983
2016,2,59,201700,124042
2017,2,67,201800,124109
2018,2,50,201900,124159
2019,2,50,202000,124209
2020,2,63,202100,124272
2021,2,51,202200,124323
2022,2,50,202300,124373
2023,6,53,202400,124426
2024,2,62,202500,124488
2025,2,50,202600,124538
2026,2,68,202700,124606
2027,2,62,202800,124668
2028,2,69,202900,124737
2029,2,57,203000,124794
2030,2,63,203100,124857
2031,2,51,203200,124908
2032,2,57,203300,124965
2033,2,60,203400,125025
2034,2,60,203500,125085
2035,2,54,203600,125139
2036,2,58,203700,125197
2037,5,70,203800,125267
2038,2,67,203900,125334
2039,5,62,204000,125396
2040,2,65,204100,125461
2041,5,66,204200,125527
2042,2,57,204300,125584
2043,3,58,204400,125642
2044,3,57,204500,125699
2045,5,66,204600,125765
2046,5,65,204700,125830
2047,2,52,204800,125882
2048,2,47,204900,125929
2049,2,60,205000,125989
2050,3,60,205100,126049
2051,2,62,205200,126111
2052,2,50,205300,126161
2053,2,72,205400,126233
2054,2,49,205500,126282
2055,2,55,205600,126337
2056,2,65,205700,126402
2057,3,60,205800,126462
2058,3,59,205900,126521
2059,5,49,206000,126570
2060,4,60,206100,126630
2061,3,51,206200,126681
2062,3,61,206300,126742
2063,2,55,206400,126797
2064,2,56,206500,126853
2065,2,52,206600,126905
2066,4,50,206700,126955
2067,4,45,206800,127000
2068,3,51,206900,127051
2069,2,53,207000,127104
2070,3,52,207100,127156
2071,2,44,207200,127200
2072,2,47,207300,127247
2073,8,45,207400,127292
2074,6,42,207500,127334
2075,2,52,207600,127386
2076,5,49,207700,127435
2077,6,40,207800,127475
2078,2,51,207900,127526
2079,4,49,208000,127575
2080,4,56,208100,127631
2081,5,47,208200,127678
2082,2,52,208300,127730
2083,3,58,208400,127788
2084,4,48,208500,127836
2085,5,51,208600,127887
2086,3,48,208700,127935
2087,2,50,208800,127985
2088,3,56,208900,128041
2089,3,49,209000,128090
2090,4,55,209100,128145
2091,2,55,209200,128200
2092,2,63,209300,128263
2093,5,56,209400,128319
2094,5,52,209500,128371
2095,6,57,209600,128428
2096,5,61,209700,128489
2097,4,60,209800,128549
2098,6,51,209900,128600
2099,5,56,210000,128656
2100,2,63,210100,128719
2101,4,62,210200,128781
2102,2,51,210300,128832
2103,5,56,210400,128888
2104,2,59,210500,128947
2105,2,55,210600,129002
2106,3,70,210700,129072
2107,5,68,210800,129140
2108,4,73,210900,129213
2109,2,70,211000,129283
2110,5,65,211100,129348
2111,3,55,211200,129403
2112,2,62,211300,129465
2113,2,72,211400,129537
2114,2,62,211500,129599
2115,2,61,211600,129660
2116,2,67,211700,129727
2117,2,69,211800,129796
2118,3,64,211900,129860
2119,3,72,212000,129932
2120,2,69,212100,130001
2121,2,64,212200,130065
2122,3,75,212300,130140
2123,4,54,212400,130194
2124,2,65,212500,130259
2125,2,60,212600,130319
2126,4,76,212700,130395
2127,2,77,212800,130472
2128,4,71,212900,130543
2129,3,67,213000,130610
2130,2,74,213100,130684
2131,2,76,213200,130760
2132,2,65,213300,130825
2133,2,69,213400,130894
2134,2,78,213500,130972
2135,2,84,213600,131056
2136,6,70,213700,131126
2137,2,64,213800,131190
2138,3,68,213900,131258
2139,3,67,214000,131325
2140,2,67,214100,131392
2141,2,73,214200,131465
2142,2,69,214300,131534
2143,2,74,214400,131608
2144,3,69,214500,131677
2145,2,65,214600,131742
2146,2,73,214700,131815
2147,2,65,214800,131880
2148,3,70,214900,131950
2149,2,61,215000,132011
2150,2,78,215100,132089
2151,4,69,215200,132158
2152,2,74,215300,132232
2153,2,71,215400,132303
2154,2,71,215500,132374
2155,2,67,215600,132441
2156,4,70,215700,132511
2157,2,67,215800,132578
2158,2,61,215900,132639
2159,2,74,216000,132713
2160,2,64,216100,132777
2161,2,65,216200,132842
2162,3,68,216300,132910
2163,5,74,216400,132984
2164,3,67,216500,133051
2165,2,65,216600,133116
2166,3,62,216700,133178
2167,2,68,216800,133246
2168,2,61,216900,133307
2169,2,57,217000,133364
2170,2,74,217100,133438
2171,2,77,217200,133515
2172,2,71,217300,133586
2173,2,67,217400,133653
2174,2,80,217500,133733
2175,2,60,217600,133793
2176,2,61,217700,133854
2177,2,67,217800,133921
2178,4,68,217900,133989
2179,2,64,218000,134053
2180,2,66,218100,134119
2181,2,73,218200,134192
2182,2,58,218300,134250
2183,5,68,218400,134318
2184,2,62,218500,134380
2185,2,69,218600,134449
2186,6,68,218700,134517
2187,2,70,218800,134587
2188,2,70,218900,134657
2189,2,67,219000,134724
2190,2,64,219100,134788
2191,2,64,219200,134852
2192,2,64,219300,134916
2193,2,71,219400,134987
2194,2,58,219500,135045
2195,2,67,219600,135112
2196,2,55,219700,135167
2197,2,78,219800,135245
2198,2,67,219900,135312
2199,2,63,220000,135375
2200,2,61,220100,135436
2201,2,59,220200,135495
2202,4,67,220300,135562
2203,2,71,220400,135633
2204,2,68,220500,135701
2205,8,68,220600,135769
2206,3,70,220700,135839
2207,2,70,220800,135909
2208,4,65,220900,135974
2209,3,67,221000,136041
2210,4,68,221100,136109
2211,2,71,221200,136180
2212,2,68,221300,136248
2213,2,71,221400,136319
2214,3,62,221500,136381
2215,2,68,221600,136449
2216,3,69,221700,136518
2217,2,59,221800,136577
2218,2,65,221900,136642
2219,2,58,222000,136700
2220,2,71,222100,136771
2221,4,68,222200,136839
2222,3,73,222300,136912
2223,2,68,222400,136980
2224,2,73,222500,137053
2225,2,74,222600,137127
2226,4,58,222700,137185
2227,2,72,222800,137257
2228,3,66,222900,137323
2229,2,75,223000,137398
2230,4,61,223100,137459
2231,3,66,223200,137525
2232,3,68,223300,137593
2233,2,74,223400,137667
2234,4,69,223500,137736
2235,2,69,223600,137805
2236,2,63,223700,137868
2237,2,66,223800,137934
2238,2,66,223900,138000
2239,2,67,224000,138067
2240,2,68,224100,138135
2241,3,67,224200,138202
2242,2,80,224300,138282
2243,2,67,224400,138349
2244,6,66,224500,138415
2245,4,62,224600,138477
2246,2,74,224700,138551
2247,2,72,224800,138623
2248,2,68,224900,138691
2249,3,68,225000,138759
2250,2,66,225100,138825
2251,2,69,225200,138894
2252,2,72,225300,138966
2253,2,69,225400,139035
2254,2,68,225500,139103
2255,5,66,225600,139169
2256,2,68,225700,139237
2257,2,68,225800,139305
2258,2,68,225900,139373
2259,2,69,226000,139442
2260,2,65,226100,139507
2261,4,65,226200,139572
2262,3,65,226300,139637
2263,2,64,226400,139701
2264,2,60,226500,139761
2265,2,67,226600,139828
2266,2,73,226700,139901
2267,2,71,226800,139972
2268,5,72,226900,140044
2269,2,64,227000,140108
2270,2,71,227100,140179
2271,2,57,227200,140236
2272,2,61,227300,140297
2273,2,69,227400,140366
2274,2,59,227500,140425
2275,2,68,227600,140493
2276,3,59,227700,140552
2277,2,66,227800,140618
2278,4,59,227900,140677
2279,2,60,228000,140737
2280,4,61,228100,140798
2281,3,65,228200,140863
2282,3,55,228300,140918
2283,2,61,228400,140979
2284,2,69,228500,141048
2285,2,70,228600,141118
2286,3,71,228700,141189
2287,2,56,228800,141245
2288,2,71,228900,141316
2289,2,62,229000,141378
2290,2,69,229100,141447
2291,2,62,229200,141509
2292,2,70,229300,141579
2293,6,61,229400,141640
2294,2,69,229500,141709
2295,5,69,229600,141778
2296,2,68,229700,141846
2297,2,79,229800,141925
2298,2,66,229900,141991
2299,2,67,230000,142058
2300,2,55,230100,142113
2301,2,75,230200,142188
2302,2,62,230300,142250
2303,3,77,230400,142327
2304,2,71,230500,142398
2305,3,63,230600,142461
2306,2,63,230700,142524
2307,2,71,230800,142595
2308,2,67,230900,142662
2309,2,66,231000,142728
2310,2,73,231100,142801
2311,2,66,231200,142867
2312,2,68,231300,142935
2313,5,64,231400,142999
2314,2,66,231500,143065
2315,4,68,231600,143133
2316,2,65,231700,143198
2317,2,71,231800,143269
2318,4,69,231900,143338
2319,2,73,232000,143411
2320,2,59,232100,143470
2321,2,67,232200,143537
2322,2,69,232300,143606
2323,2,67,232400,143673
2324,4,62,232500,143735
2325,4,62,232600,143797
2326,2,68,232700,143865
2327,2,72,232800,143937
2328,2,67,232900,144004
2329,2,68,233000,144072
2330,2,67,233100,144139
2331,2,71,233200,144210
2332,2,65,233300,144275
2333,2,59,233400,144334
2334,3,64,233500,144398
2335,5,71,233600,144469
2336,4,67,233700,144536
2337,2,70,233800,144606
2338,2,72,233900,144678
2339,2,64,234000,144742
2340,2,72,234100,144814
2341,3,65,234200,144879
2342,2,77,234300,144956
2343,3,66,234400,145022
2344,2,56,234500,145078
2345,4,66,234600,145144
2346,5,61,234700,145205
2347,3,66,234800,145271
2348,2,72,234900,145343
2349,4,69,235000,145412
2350,3,72,235100,145484
2351,2,66,235200,145550
2352,3,63,235300,145613
2353,2,62,235400,145675
2354,5,64,235500,145739
2355,7,66,235600,145805
2356,4,70,235700,145875
2357,3,76,235800,145951
2358,2,75,235900,146026
2359,2,65,236000,146091
2360,3,63,236100,146154
2361,6,69,236200,146223
2362,4,65,236300,146288
2363,5,72,236400,146360
2364,2,67,236500,146427
2365,2,71,236600,146498
2366,3,72,236700,146570
2367,2,70,236800,146640
2368,2,64,236900,146704
2369,2,59,237000,146763
2370,2,67,237100,146830
2371,2,66,237200,146896
2372,4,71,237300,146967
2373,3,62,237400,147029
2374,5,62,237500,147091
2375,2,56,237600,147147
2376,2,56,237700,147203
2377,2,55,237800,147258
2378,2,68,237900,147326
2379,2,66,238000,147392
2380,3,56,238100,147448
2381,2,51,238200,147499
2382,3,66,238300,147565
2383,2,70,238400,147635
2384,5,55,238500,147690
2385,2,59,238600,147749
2386,3,63,238700,147812
2387,3,59,238800,147871
2388,2,64,238900,147935
2389,4,59,239000,147994
2390,2,68,239100,148062
2391,2,56,239200,148118
2392,2,60,239300,148178
2393,2,62,239400,148240
2394,2,57,239500,148297
2395,2,52,239600,148349
2396,4,55,239700,148404
2397,3,56,239800,148460
2398,6,64,239900,148524
2399,2,61,240000,148585
2400,2,60,240100,148645
2401,5,57,240200,148702
2402,4,58,240300,148760
2403,2,46,240400,148806
2404,2,56,240500,148862
2405,2,57,240600,148919
2406,2,60,240700,148979
2407,2,55,240800,149034
2408,3,58,240900,149092
2409,4,56,241000,149148
2410,2,61,241100,149209
2411,5,49,241200,149258
2412,2,55,241300,149313
2413,4,53,241400,149366
2414,2,53,241500,149419
2415,5,52,241600,149471
2416,3,48,241700,149519
2417,2,59,241800,149578
2418,6,56,241900,149634
2419,2,49,242000,149683
2420,2,50,242100,149733
2421,7,54,242200,149787
2422,3,60,242300,149847
2423,6,51,242400,149898
2424,2,56,242500,149954
2425,2,50,242600,150004
2426,4,52,242700,150056
2427,4,55,242800,150111
2428,2,58,242900,150169
2429,2,52,243000,150221
2430,5,41,243100,150262
2431,2,51,243200,150313
2432,2,57,243300,150370
2433,2,62,243400,150432
2434,5,61,243500,150493
2435,4,52,243600,150545
2436,2,51,243700,150596
2437,3,48,243800,150644
2438,2,46,243900,150690
2439,2,61,244000,150751
2440,3,54,244100,150805
2441,2,59,244200,150864
2442,2,53,244300,150917
2443,2,55,244400,150972
2444,3,58,244500,151030
2445,5,59,244600,151089
2446,2,50,244700,151139
2447,5,66,244800,151205
2448,2,58,244900,151263
2449,2,59,245000,151322
2450,6,65,245100,151387
2451,2,53,245200,151440
2452,2,62,245300,151502
2453,2,64,245400,151566
2454,2,58,245500,151624
2455,2,58,245600,151682
2456,3,58,245700,151740
2457,6,57,245800,151797
2458,2,61,245900,151858
2459,2,50,246000,151908
2460,3,66,246100,151974
2461,2,66,246200,152040
2462,5,59,246300,152099
2463,3,60,246400,152159
2464,2,61,246500,152220
2465,2,65,246600,152285
2466,2,59,246700,152344
2467,2,69,246800,152413
2468,3,62,246900,152475
2469,2,63,247000,152538
2470,2,68,247100,152606
2471,2,60,247200,152666
2472,6,54,247300,152720
2473,2,63,247400,152783
2474,2,59,247500,152842
2475,2,62,247600,152904
2476,2,67,247700,152971
2477,2,71,247800,153042
2478,2,61,247900,153103
2479,2,68,248000,153171
2480,7,66,248100,153237
2481,2,70,248200,153307
2482,2,64,248300,153371
2483,2,66,248400,153437
2484,2,66,248500,153503
2485,2,66,248600,153569
2486,2,53,248700,153622
2487,2,61,248800,153683
2488,2,60,248900,153743
2489,2,58,249000,153801
2490,2,57,249100,153858
2491,2,58,249200,153916
2492,2,63,249300,153979
2493,2,55,249400,154034
2494,2,57,249500,154091
2495,2,58,249600,154149
2496,2,55,249700,154204
2497,2,66,249800,154270
2498,5,53,249900,154323
2499,2,63,250000,154386
2500,2,61,250100,154447
2501,2,63,250200,154510
2502,2,66,250300,154576
2503,2,63,250400,154639
2504,2,62,250500,154701
2505,2,65,250600,154766
2506,2,72,250700,154838
2507,2,67,250800,154905
2508,2,68,250900,154973
2509,2,68,251000,155041
2510,2,66,251100,155107
2511,2,70,251200,155177
2512,2,63,251300,155240
2513,2,59,251400,155299
2514,2,55,251500,155354
2515,2,72,251600,155426
2516,4,63,251700,155489
2517,2,66,251800,155555
2518,2,70,251900,155625
2519,2,63,252000,155688
2520,2,65,252100,155753
2521,2,62,252200,155815
2522,2,68,252300,155883
2523,2,66,252400,155949
2524,2,68,252500,156017
2525,2,65,252600,156082
2526,4,64,252700,156146
2527,2,62,252800,156208
2528,2,58,252900,156266
2529,3,62,253000,156328
2530,2,68,253100,156396
2531,2,62,253200,156458
2532,3,69,253300,156527
2533,2,54,253400,156581
2534,2,58,253500,156639
2535,4,66,253600,156705
2536,2,64,253700,156769
2537,5,70,253800,156839
2538,2,62,253900,156901
2539,4,66,254000,156967
2540,2,61,254100,157028
2541,2,67,254200,157095
2542,2,59,254300,157154
2543,3,65,254400,157219
2544,2,59,254500,157278
2545,2,71,254600,157349
2546,2,55,254700,157404
2547,2,64,254800,157468
2548,4,63,254900,157531
2549,3,58,255000,157589
2550,4,72,255100,157661
2551,2,68,255200,157729
2552,4,62,255300,157791
2553,2,54,255400,157845
2554,2,67,255500,157912
2555,2,63,255600,157975
2556,3,61,255700,158036
2557,2,58,255800,158094
2558,2,55,255900,158149
2559,2,60,256000,158209
2560,2,57,256100,158266
2561,5,61,256200,158327
2562,4,53,256300,158380
2563,2,57,256400,158437
2564,2,58,256500,158495
2565,2,58,256600,158553
2566,2,61,256700,158614
2567,2,64,256800,158678
2568,2,57,256900,158735
2569,2,69,257000,158804
2570,5,63,257100,158867
2571,2,55,257200,158922
2572,2,68,257300,158990
2573,3,69,257400,159059
2574,2,57,257500,159116
2575,2,66,257600,159182
2576,2,62,257700,159244
2577,2,67,257800,159311
2578,2,55,257900,159366
2579,2,61,258000,159427
2580,2,64,258100,159491
2581,2,69,258200,159560
2582,2,64,258300,159624
2583,2,62,258400,159686
2584,2,74,258500,159760
2585,5,73,258600,159833
2586,2,72,258700,159905
2587,2,72,258800,159977
2588,2,71,258900,160048
2589,2,77,259000,160125
2590,5,76,259100,160201
2591,2,70,259200,160271
2592,2,76,259300,160347
2593,2,70,259400,160417
2594,5,66,259500,160483
2595,2,72,259600,160555
2596,2,69,259700,160624
2597,2,70,259800,160694
2598,2,72,259900,160766
2599,2,72,260000,160838
2600,2,64,260100,160902
2601,3,70,260200,160972
2602,2,68,260300,161040
2603,2,72,260400,161112
2604,6,62,260500,161174
2605,2,67,260600,161241
2606,2,57,260700,161298
2607,2,72,260800,161370
2608,3,75,260900,161445
2609,5,71,261000,161516
2610,4,69,261100,161585
2611,2,71,261200,161656
2612,6,68,261300,161724
2613,2,66,261400,161790
2614,2,75,261500,161865
2615,2,75,261600,161940
2616,2,72,261700,162012
2617,2,73,261800,162085
2618,2,70,261900,162155
2619,2,73,262000,162228
2620,2,64,262100,162292
2621,2,71,262200,162363
2622,2,67,262300,162430
2623,2,71,262400,162501
2624,2,63,262500,162564
2625,2,63,262600,162627
2626,2,83,262700,162710
2627,5,73,262800,162783
2628,5,70,262900,162853
2629,2,60,263000,162913
2630,2,61,263100,162974
2631,2,66,263200,163040
2632,2,65,263300,163105
2633,2,71,263400,163176
2634,2,65,263500,163241
2635,2,71,263600,163312
2636,2,73,263700,163385
2637,2,67,263800,163452
2638,2,72,263900,163524
2639,2,75,264000,163599
2640,2,70,264100,163669
2641,2,68,264200,163737
2642,5,71,264300,163808
2643,3,62,264400,163870
2644,2,72,264500,163942
2645,2,72,264600,164014
2646,2,73,264700,164087
2647,2,73,264800,164160
2648,2,66,264900,164226
2649,2,73,265000,164299
2650,2,78,265100,164377
2651,3,73,265200,164450
2652,2,68,265300,164518
2653,2,77,265400,164595
2654,2,71,265500,164666
2655,2,68,265600,164734
2656,2,68,265700,164802
2657,2,77,265800,164879
2658,4,74,265900,164953
2659,2,68,266000,165021
2660,2,72,266100,165093
2661,2,74,266200,165167
2662,2,73,266300,165240
2663,3,73,266400,165313
2664,2,69,266500,165382
2665,2,60,266600,165442
2666,2,72,266700,165514
2667,2,68,266800,165582
2668,2,72,266900,165654
2669,2,67,267000,165721
2670,3,61,267100,165782
2671,2,70,267200,165852
2672,3,65,267300,165917
2673,2,78,267400,165995
2674,2,70,267500,166065
2675,2,76,267600,166141
2676,3,78,267700,166219
2677,2,67,267800,166286
2678,3,73,267900,166359
2679,2,75,268000,166434
2680,2,67,268100,166501
2681,2,69,268200,166570
2682,4,76,268300,166646
2683,3,71,268400,166717
2684,2,69,268500,166786
2685,2,74,268600,166860
2686,2,74,268700,166934
2687,2,75,268800,167009
2688,2,73,268900,167082
2689,2,68,269000,167150
2690,2,69,269100,167219
2691,2,71,269200,167290
2692,2,69,269300,167359
2693,2,67,269400,167426
2694,2,76,269500,167502
2695,2,74,269600,167576
2696,2,73,269700,167649
2697,2,68,269800,167717
2698,2,71,269900,167788
2699,2,70,270000,167858
2700,3,70,270100,167928
2701,2,65,270200,167993
2702,2,70,270300,168063
2703,2,78,270400,168141
2704,2,76,270500,168217
2705,2,73,270600,168290
2706,2,78,270700,168368
2707,2,71,270800,168439
2708,2,68,270900,168507
2709,2,65,271000,168572
2710,2,73,271100,168645
2711,2,74,271200,168719
2712,2,73,271300,168792
2713,2,77,271400,168869
2714,2,75,271500,168944
2715,3,72,271600,169016
2716,3,65,271700,169081
2717,2,72,271800,169153
2718,2,77,271900,169230
2719,2,84,272000,169314
2720,2,74,272100,169388
2721,2,69,272200,169457
2722,2,74,272300,169531
2723,2,81,272400,169612
2724,2,77,272500,169689
2725,2,72,272600,169761
2726,3,77,272700,169838
2727,2,70,272800,169908
2728,2,78,272900,169986
2729,2,70,273000,170056
2730,2,73,273100,170129
2731,2,74,273200,170203
2732,2,73,273300,170276
2733,2,76,273400,170352
2734,2,72,273500,170424
2735,2,72,273600,170496
2736,2,71,273700,170567
2737,2,77,273800,170644
2738,2,67,273900,170711
2739,2,78,274000,170789
2740,2,65,274100,170854
2741,2,70,274200,170924
2742,2,67,274300,170991
2743,2,71,274400,171062
2744,2,65,274500,171127
2745,2,66,274600,171193
2746,2,66,274700,171259
2747,2,71,274800,171330
2748,2,73,274900,171403
2749,3,73,275000,171476
2750,2,66,275100,171542
2751,2,68,275200,171610
2752,3,68,275300,171678
2753,2,67,275400,171745
2754,3,71,275500,171816
2755,2,70,275600,171886
2756,3,77,275700,171963
2757,2,72,275800,172035
2758,2,75,275900,172110
2759,2,78,276000,172188
2760,2,63,276100,172251
2761,3,65,276200,172316
2762,2,80,276300,172396
2763,2,72,276400,172468
2764,2,67,276500,172535
2765,2,69,276600,172604
2766,2,68,276700,172672
2767,2,67,276800,172739
2768,3,75,276900,172814
2769,2,70,277000,172884
2770,2,73,277100,172957
2771,2,75,277200,173032
2772,2,70,277300,173102
2773,3,68,277400,173170
2774,2,69,277500,173239
2775,2,75,277600,173314
2776,3,69,277700,173383
2777,2,73,277800,173456
2778,2,70,277900,173526
2779,4,71,278000,173597
2780,2,73,278100,173670
2781,3,69,278200,173739
2782,2,65,278300,173804
2783,2,78,278400,173882
2784,2,69,278500,173951
2785,2,72,278600,174023
2786,2,71,278700,174094
2787,2,72,278800,174166
2788,3,69,278900,174235
2789,2,70,279000,174305
2790,2,71,279100,174376
2791,2,72,279200,174448
2792,2,65,279300,174513
2793,2,74,279400,174587
2794,2,66,279500,174653
2795,2,71,279600,174724
2796,3,62,279700,174786
2797,2,68,279800,174854
2798,2,65,279900,174919
2799,2,69,280000,174988
2800,2,74,280100,175062
2801,2,79,280200,175141
2802,2,72,280300,175213
2803,2,60,280400,175273
2804,3,68,280500,175341
2805,2,68,280600,175409
2806,2,70,280700,175479
2807,2,64,280800,175543
2808,2,75,280900,175618
2809,3,67,281000,175685
2810,2,70,281100,175755
2811,2,63,281200,175818
2812,2,74,281300,175892
2813,3,72,281400,175964
2814,2,70,281500,176034
2815,2,75,281600,176109
2816,2,67,281700,176176
2817,2,69,281800,176245
2818,2,74,281900,176319
2819,3,67,282000,176386
2820,2,69,282100,176455
2821,2,66,282200,176521
2822,2,73,282300,176594
2823,2,68,282400,176662
2824,2,67,282500,176729
2825,2,67,282600,176796
2826,2,64,282700,176860
2827,3,72,282800,176932
2828,2,70,282900,177002
2829,2,64,283000,177066
2830,2,72,283100,177138
2831,3,66,283200,177204
2832,2,67,283300,177271
2833,2,75,283400,177346
2834,3,65,283500,177411
2835,2,76,283600,177487
2836,2,72,283700,177559
2837,2,67,283800,177626
2838,2,66,283900,177692
2839,3,72,284000,177764
2840,2,60,284100,177824
2841,2,67,284200,177891
2842,2,75,284300,177966
2843,2,70,284400,178036
2844,2,67,284500,178103
2845,2,63,284600,178166
2846,2,70,284700,178236
2847,2,72,284800,178308
2848,2,73,284900,178381
2849,2,72,285000,178453
2850,2,77,285100,178530
2851,2,71,285200,178601
2852,2,74,285300,178675
2853,2,75,285400,178750
2854,2,67,285500,178817
2855,2,73,285600,178890
2856,2,75,285700,178965
2857,2,82,285800,179047
2858,2,73,285900,179120
2859,2,70,286000,179190
2860,2,73,286100,179263
2861,2,64,286200,179327
2862,2,75,286300,179402
2863,2,75,286400,179477
2864,2,66,286500,179543
2865,2,71,286600,179614
2866,2,63,286700,179677
2867,2,78,286800,179755
2868,2,78,286900,179833
2869,2,65,287000,179898
2870,2,75,287100,179973
2871,2,66,287200,180039
2872,2,71,287300,180110
2873,2,71,287400,180181
2874,2,71,287500,180252
2875,2,72,287600,180324
2876,2,63,287700,180387
2877,2,82,287800,180469
2878,3,68,287900,180537
2879,2,74,288000,180611
2880,2,67,288100,180678
2881,2,74,288200,180752
2882,2,68,288300,180820
2883,3,62,288400,180882
2884,2,67,288500,180949
2885,2,67,288600,181016
2886,2,66,288700,181082
2887,2,67,288800,181149
2888,3,72,288900,181221
2889,2,59,289000,181280
2890,2,68,289100,181348
2891,2,68,289200,181416
2892,2,74,289300,181490
2893,3,70,289400,181560
2894,2,67,289500,181627
2895,2,68,289600,181695
2896,2,70,289700,181765
2897,2,72,289800,181837
2898,2,72,289900,181909
2899,2,66,290000,181975
2900,2,71,290100,182046
2901,2,66,290200,182112
2902,2,69,290300,182181
2903,2,66,290400,182247
2904,2,77,290500,182324
2905,2,71,290600,182395
2906,2,62,290700,182457
2907,2,73,290800,182530
2908,2,76,290900,182606
2909,3,68,291000,182674
2910,2,77,291100,182751
2911,3,66,291200,182817
2912,2,67,291300,182884
2913,3,71,291400,182955
2914,2,67,291500,183022
2915,2,80,291600,183102
2916,2,68,291700,183170
2917,2,70,291800,183240
2918,3,70,291900,183310
2919,3,67,292000,183377
2920,2,71,292100,183448
2921,2,71,292200,183519
2922,2,62,292300,183581
2923,2,71,292400,183652
2924,2,67,292500,183719
2925,2,66,292600,183785
2926,2,74,292700,183859
2927,2,71,292800,183930
2928,2,68,292900,183998
2929,2,66,293000,184064
2930,2,74,293100,184138
2931,2,69,293200,184207
2932,2,68,293300,184275
2933,2,73,293400,184348
2934,2,69,293500,184417
2935,2,66,293600,184483
2936,2,71,293700,184554
2937,2,68,293800,184622
2938,3,67,293900,184689
2939,2,71,294000,184760
2940,2,71,294100,184831
2941,2,74,294200,184905
2942,2,74,294300,184979
2943,2,70,294400,185049
2944,2,72,294500,185121
2945,2,73,294600,185194
2946,2,72,294700,185266
2947,2,69,294800,185335
2948,2,69,294900,185404
2949,2,66,295000,185470
2950,2,76,295100,185546
2951,2,64,295200,185610
2952,3,67,295300,185677
2953,3,76,295400,185753
2954,2,65,295500,185818
2955,2,60,295600,185878
2956,2,73,295700,185951
2957,2,74,295800,186025
2958,2,75,295900,186100
2959,2,68,296000,186168
2960,2,76,296100,186244
2961,2,72,296200,186316
2962,2,70,296300,186386
2963,2,71,296400,186457
2964,2,66,296500,186523
2965,2,68,296600,186591
2966,3,76,296700,186667
2967,2,64,296800,186731
2968,3,76,296900,186807
2969,2,71,297000,186878
2970,2,66,297100,186944
2971,2,66,297200,187010
2972,2,74,297300,187084
2973,2,65,297400,187149
2974,2,70,297500,187219
2975,2,79,297600,187298
2976,2,70,297700,187368
2977,2,69,297800,187437
2978,2,75,297900,187512
2979,2,63,298000,187575
2980,2,65,298100,187640
2981,2,73,298200,187713
2982,2,64,298300,187777
2983,2,72,298400,187849
2984,2,67,298500,187916
2985,2,73,298600,187989
2986,2,77,298700,188066
2987,2,78,298800,188144
2988,2,72,298900,188216
2989,2,78,299000,188294
2990,2,68,299100,188362
2991,2,74,299200,188436
2992,2,69,299300,188505
2993,2,65,299400,188570
2994,2,68,299500,188638
2995,2,65,299600,188703
2996,2,67,299700,188770
2997,2,65,299800,188835
2998,2,72,299900,188907
2999,2,73,300000,188980
3000,2,58,300100,189038
3001,2,65,300200,189103
3002,3,67,300300,189170
3003,2,66,300400,189236
3004,2,69,300500,189305
3005,2,69,300600,189374
3006,3,72,300700,189446
3007,2,76,300800,189522
3008,2,73,300900,189595
3009,2,71,301000,189666
3010,2,67,301100,189733
3011,2,75,301200,189808
3012,2,75,301300,189883
3013,2,74,301400,189957
3014,2,73,301500,190030
3015,2,76,301600,190106
3016,2,70,301700,190176
3017,2,65,301800,190241
3018,2,73,301900,190314
3019,2,70,302000,190384
3020,3,59,302100,190443
3021,2,66,302200,190509
3022,2,69,302300,190578
3023,3,67,302400,190645
3024,2,66,302500,190711
3025,3,68,302600,190779
3026,2,73,302700,190852
3027,2,63,302800,190915
3028,2,62,302900,190977
3029,2,63,303000,191040
3030,2,76,303100,191116
3031,2,68,303200,191184
3032,2,70,303300,191254
3033,2,75,303400,191329
3034,2,75,303500,191404
3035,2,67,303600,191471
3036,2,75,303700,191546
3037,2,71,303800,191617
3038,2,80,303900,191697
3039,2,63,304000,191760
3040,2,72,304100,191832
3041,2,68,304200,191900
3042,2,63,304300,191963
3043,2,56,304400,192019
3044,2,72,304500,192091
3045,2,64,304600,192155
3046,2,70,304700,192225
3047,2,66,304800,192291
3048,2,62,304900,192353
3049,2,67,305000,192420
3050,2,76,305100,192496
3051,2,65,305200,192561
3052,2,67,305300,192628
3053,2,74,305400,192702
3054,2,66,305500,192768
3055,2,64,305600,192832
3056,2,64,305700,192896
3057,2,67,305800,192963
3058,2,71,305900,193034
3059,2,65,306000,193099
3060,2,73,306100,193172
3061,2,73,306200,193245
3062,2,73,306300,193318
3063,2,67,306400,193385
3064,3,66,306500,193451
3065,2,77,306600,193528
3066,2,64,306700,193592
3067,2,67,306800,193659
3068,2,71,306900,193730
3069,2,63,307000,193793
3070,2,69,307100,193862
3071,2,74,307200,193936
3072,2,72,307300,194008
3073,2,71,307400,194079
3074,3,66,307500,194145
3075,2,60,307600,194205
3076,2,65,307700,194270
3077,3,63,307800,194333
3078,2,66,307900,194399
3079,2,69,308000,194468
3080,2,70,308100,194538
3081,2,71,308200,194609
3082,2,72,308300,194681
3083,2,72,308400,194753
3084,2,70,308500,194823
3085,2,68,308600,194891
3086,2,71,308700,194962
3087,2,76,308800,195038
3088,2,70,308900,195108
3089,2,69,309000,195177
3090,2,61,309100,195238
3091,3,65,309200,195303
3092,2,66,309300,195369
3093,2,67,309400,195436
3094,2,73,309500,195509
3095,2,69,309600,195578
3096,3,69,309700,195647
3097,2,76,309800,195723
3098,3,70,309900,195793
3099,2,69,310000,195862
3100,2,63,310100,195925
3101,2,67,310200,195992
3102,2,60,310300,196052
3103,2,72,310400,196124
3104,2,75,310500,196199
3105,2,72,310600,196271
3106,2,76,310700,196347
3107,2,56,310800,196403
3108,2,66,310900,196469
3109,3,68,311000,196537
3110,2,65,311100,196602
3111,2,66,311200,196668
3112,2,68,311300,196736
3113,3,66,311400,196802
3114,2,63,311500,196865
3115,2,66,311600,196931
3116,2,73,311700,197004
3117,2,69,311800,197073
3118,2,67,311900,197140
3119,2,71,312000,197211
3120,2,63,312100,197274
3121,2,65,312200,197339
3122,2,66,312300,197405
3123,2,66,312400,197471
3124,2,68,312500,197539
3125,2,73,312600,197612
3126,2,64,312700,197676
3127,2,70,312800,197746
3128,2,61,312900,197807
3129,2,67,313000,197874
3130,2,77,313100,197951
3131,2,71,313200,198022
3132,2,78,313300,198100
3133,2,72,313400,198172
3134,3,72,313500,198244
3135,2,71,313600,198315
3136,2,66,313700,198381
3137,2,81,313800,198462
3138,2,68,313900,198530
3139,2,74,314000,198604
3140,2,64,314100,198668
3141,2,65,314200,198733
3142,2,65,314300,198798
3143,2,81,314400,198879
3144,2,74,314500,198953
3145,2,63,314600,199016
3146,2,69,314700,199085
3147,2,67,314800,199152
3148,2,70,314900,199222
3149,2,80,315000,199302
3150,2,68,315100,199370
3151,2,74,315200,199444
3152,2,76,315300,199520
3153,2,71,315400,199591
3154,2,76,315500,199667
3155,2,80,315600,199747
3156,2,65,315700,199812
3157,2,77,315800,199889
3158,3,70,315900,199959
3159,2,73,316000,200032
3160,2,66,316100,200098
3161,3,67,316200,200165
3162,2,63,316300,200228
3163,2,73,316400,200301
3164,2,63,316500,200364
3165,2,71,316600,200435
3166,2,66,316700,200501
3167,3,68,316800,200569
3168,2,69,316900,200638
3169,2,70,317000,200708
3170,2,65,317100,200773
3171,3,77,317200,200850
3172,2,66,317300,200916
3173,3,72,317400,200988
3174,2,70,317500,201058
3175,3,67,317600,201125
3176,2,69,317700,201194
3177,3,73,317800,201267
3178,2,59,317900,201326
3179,2,68,318000,201394
3180,2,79,318100,201473
3181,2,72,318200,201545
3182,2,74,318300,201619
3183,2,73,318400,201692
3184,2,69,318500,201761
3185,2,79,318600,201840
3186,2,72,318700,201912
3187,2,71,318800,201983
3188,2,73,318900,202056
3189,2,73,319000,202129
3190,2,75,319100,202204
3191,2,65,319200,202269
3192,2,63,319300,202332
3193,2,64,319400,202396
3194,2,66,319500,202462
3195,2,72,319600,202534
3196,2,68,319700,202602
3197,2,68,319800,202670
3198,2,69,319900,202739
3199,2,73,320000,202812
3200,3,74,320100,202886
3201,2,78,320200,202964
3202,2,67,320300,203031
3203,2,68,320400,203099
3204,2,68,320500,203167
3205,2,69,320600,203236
3206,2,74,320700,203310
3207,2,72,320800,203382
3208,2,77,320900,203459
3209,3,73,321000,203532
3210,2,75,321100,203607
3211,2,74,321200,203681
3212,3,79,321300,203760
3213,2,75,321400,203835
3214,2,75,321500,203910
3215,2,79,321600,203989
3216,2,70,321700,204059
3217,2,72,321800,204131
3218,2,68,321900,204199
3219,2,75,322000,204274
3220,2,71,322100,204345
3221,2,69,322200,204414
3222,2,65,322300,204479
3223,2,69,322400,204548
3224,2,69,322500,204617
3225,2,70,322600,204687
3226,2,66,322700,204753
3227,3,73,322800,204826
3228,2,68,322900,204894
3229,2,72,323000,204966
3230,2,70,323100,205036
3231,2,74,323200,205110
3232,2,65,323300,205175
3233,3,72,323400,205247
3234,2,79,323500,205326
3235,2,64,323600,205390
3236,2,65,323700,205455
3237,2,69,323800,205524
3238,2,68,323900,205592
3239,2,69,324000,205661
3240,2,72,324100,205733
3241,3,71,324200,205804
3242,2,65,324300,205869
3243,2,72,324400,205941
3244,2,65,324500,206006
3245,2,68,324600,206074
3246,2,63,324700,206137
3247,2,62,324800,206199
3248,2,76,324900,206275
3249,2,73,325000,206348
3250,2,69,325100,206417
3251,2,69,325200,206486
3252,2,74,325300,206560
3253,2,62,325400,206622
3254,3,64,325500,206686
3255,2,65,325600,206751
3256,2,75,325700,206826
3257,2,71,325800,206897
3258,2,77,325900,206974
3259,2,65,326000,207039
3260,2,67,326100,207106
3261,2,73,326200,207179
3262,3,59,326300,207238
3263,2,69,326400,207307
3264,3,73,326500,207380
3265,2,70,326600,207450
3266,2,72,326700,207522
3267,2,69,326800,207591
3268,2,76,326900,207667
3269,2,66,327000,207733
3270,2,76,327100,207809
3271,2,72,327200,207881
3272,2,65,327300,207946
3273,2,67,327400,208013
3274,2,66,327500,208079
3275,2,66,327600,208145
3276,2,71,327700,208216
3277,2,67,327800,208283
3278,2,70,327900,208353
3279,2,70,328000,208423
3280,3,73,328100,208496
3281,2,62,328200,208558
3282,3,72,328300,208630
3283,2,63,328400,208693
3284,2,65,328500,208758
3285,2,71,328600,208829
3286,2,66,328700,208895
3287,2,73,328800,208968
3288,2,73,328900,209041
3289,2,66,329000,209107
3290,2,70,329100,209177
3291,2,64,329200,209241
3292,2,67,329300,209308
3293,2,65,329400,209373
3294,2,70,329500,209443
3295,3,68,329600,209511
3296,3,68,329700,209579
3297,2,62,329800,209641
3298,2,74,329900,209715
3299,2,74,330000,209789
3300,2,74,330100,209863
3301,2,74,330200,209937
3302,2,74,330300,210011
3303,2,67,330400,210078
3304,2,70,330500,210148
3305,2,73,330600,210221
3306,2,61,330700,210282
3307,2,76,330800,210358
3308,2,73,330900,210431
3309,2,74,331000,210505
3310,2,77,331100,210582
3311,2,66,331200,210648
3312,2,70,331300,210718
3313,2,70,331400,210788
3314,2,75,331500,210863
3315,2,61,331600,210924
3316,2,72,331700,210996
3317,2,77,331800,211073
3318,2,65,331900,211138
3319,2,70,332000,211208
3320,2,64,332100,211272
3321,2,78,332200,211350
3322,2,66,332300,211416
3323,3,69,332400,211485
3324,2,78,332500,211563
3325,2,74,332600,211637
3326,2,74,332700,211711
3327,2,65,332800,211776
3328,2,72,332900,211848
3329,2,69,333000,211917
3330,2,70,333100,211987
3331,2,75,333200,212062
3332,2,76,333300,212138
3333,2,62,333400,212200
3334,2,70,333500,212270
3335,2,74,333600,212344
3336,2,74,333700,212418
3337,2,69,333800,212487
3338,2,64,333900,212551
3339,2,74,334000,212625
3340,2,69,334100,212694
3341,2,76,334200,212770
3342,2,70,334300,212840
3343,2,66,334400,212906
3344,2,77,334500,212983
3345,2,67,334600,213050
3346,2,67,334700,213117
3347,2,72,334800,213189
3348,3,64,334900,213253
3349,2,67,335000,213320
3350,2,68,335100,213388
3351,2,66,335200,213454
3352,2,64,335300,213518
3353,2,63,335400,213581
3354,2,68,335500,213649
3355,2,64,335600,213713
3356,2,69,335700,213782
3357,2,70,335800,213852
3358,2,80,335900,213932
3359,2,73,336000,214005
3360,2,64,336100,214069
3361,2,70,336200,214139
3362,2,73,336300,214212
3363,2,74,336400,214286
3364,2,77,336500,214363
3365,2,68,336600,214431
3366,2,65,336700,214496
3367,2,59,336800,214555
3368,2,70,336900,214625
3369,2,70,337000,214695
3370,2,76,337100,214771
3371,2,71,337200,214842
3372,2,76,337300,214918
3373,2,62,337400,214980
3374,2,65,337500,215045
3375,3,72,337600,215117
3376,2,72,337700,215189
3377,2,71,337800,215260
3378,2,60,337900,215320
3379,2,65,338000,215385
3380,2,63,338100,215448
3381,3,68,338200,215516
3382,2,78,338300,215594
3383,2,82,338400,215676
3384,2,68,338500,215744
3385,2,80,338600,215824
3386,2,69,338700,215893
3387,2,62,338800,215955
3388,2,70,338900,216025
3389,2,73,339000,216098
3390,2,65,339100,216163
3391,2,67,339200,216230
3392,2,71,339300,216301
3393,3,73,339400,216374
3394,2,72,339500,216446
3395,2,79,339600,216525
3396,2,70,339700,216595
3397,2,69,339800,216664
3398,2,68,339900,216732
